municipality,group,variable,month,Número de mujeres con muestras de PAP tomadas,Número de mujeres con muestras de PAP tomadas1,Número de mujeres con muestras de PAP tomadas2,Número de mujeres con muestras de PAP tomadas3,Número de mujeres con muestras de PAP tomadas4,TOTAL
ACACIO,"anticoncepcion, prevencion de its y de cancer de cuello uterino",numero de mujeres con muestras de pap tomadas,2016-01-01,0,0,3,1,0,4
ACHACACHI,"anticoncepcion, prevencion de its y de cancer de cuello uterino",numero de mujeres con muestras de pap tomadas,2016-01-01,0,6,33,29,13,81
ACHOCALLA,"anticoncepcion, prevencion de its y de cancer de cuello uterino",numero de mujeres con muestras de pap tomadas,2016-01-01,0,3,36,13,1,53
AIQUILE,"anticoncepcion, prevencion de its y de cancer de cuello uterino",numero de mujeres con muestras de pap tomadas,2016-01-01,0,6,31,22,9,68
ALCALA,"anticoncepcion, prevencion de its y de cancer de cuello uterino",numero de mujeres con muestras de pap tomadas,2016-01-01,0,2,3,3,1,9
ALTO BENI,"anticoncepcion, prevencion de its y de cancer de cuello uterino",numero de mujeres con muestras de pap tomadas,2016-01-01,0,0,2,5,2,9
ANCORAIMES,"anticoncepcion, prevencion de its y de cancer de cuello uterino",numero de mujeres con muestras de pap tomadas,2016-01-01,0,7,14,13,1,35
ANTEQUERA,"anticoncepcion, prevencion de its y de cancer de cuello uterino",numero de mujeres con muestras de pap tomadas,2016-01-01,0,0,1,0,0,1
ANZALDO,"anticoncepcion, prevencion de its y de cancer de cuello uterino",numero de mujeres con muestras de pap tomadas,2016-01-01,0,0,1,0,0,1
APOLO,"anticoncepcion, prevencion de its y de cancer de cuello uterino",numero de mujeres con muestras de pap tomadas,2016-01-01,0,8,36,14,5,63
ARAMPAMPA,"anticoncepcion, prevencion de its y de cancer de cuello uterino",numero de mujeres con muestras de pap tomadas,2016-01-01,0,2,2,1,1,6
ARANI,"anticoncepcion, prevencion de its y de cancer de cuello uterino",numero de mujeres con muestras de pap tomadas,2016-01-01,0,2,11,1,1,15
ARBIETO,"anticoncepcion, prevencion de its y de cancer de cuello uterino",numero de mujeres con muestras de pap tomadas,2016-01-01,0,8,28,10,2,48
ARQUE,"anticoncepcion, prevencion de its y de cancer de cuello uterino",numero de mujeres con muestras de pap tomadas,2016-01-01,0,0,3,0,0,3
ASCENCION DE GUARAYOS,"anticoncepcion, prevencion de its y de cancer de cuello uterino",numero de mujeres con muestras de pap tomadas,2016-01-01,0,8,18,11,6,43
ATOCHA,"anticoncepcion, prevencion de its y de cancer de cuello uterino",numero de mujeres con muestras de pap tomadas,2016-01-01,0,1,14,4,2,21
AYATA,"anticoncepcion, prevencion de its y de cancer de cuello uterino",numero de mujeres con muestras de pap tomadas,2016-01-01,0,0,3,2,0,5
AYO AYO,"anticoncepcion, prevencion de its y de cancer de cuello uterino",numero de mujeres con muestras de pap tomadas,2016-01-01,0,0,4,3,0,7
AYOPAYA (V. DE INDEPENDENCIA),"anticoncepcion, prevencion de its y de cancer de cuello uterino",numero de mujeres con muestras de pap tomadas,2016-01-01,0,2,15,7,2,26
AZURDUY,"anticoncepcion, prevencion de its y de cancer de cuello uterino",numero de mujeres con muestras de pap tomadas,2016-01-01,0,0,8,5,0,13
BATALLAS,"anticoncepcion, prevencion de its y de cancer de cuello uterino",numero de mujeres con muestras de pap tomadas,2016-01-01,0,2,11,8,5,26
BELEN DE ANDAMARCA,"anticoncepcion, prevencion de its y de cancer de cuello uterino",numero de mujeres con muestras de pap tomadas,2016-01-01,0,1,0,0,0,1
BERMEJO,"anticoncepcion, prevencion de its y de cancer de cuello uterino",numero de mujeres con muestras de pap tomadas,2016-01-01,0,5,29,22,7,63
BETANZOS,"anticoncepcion, prevencion de its y de cancer de cuello uterino",numero de mujeres con muestras de pap tomadas,2016-01-01,0,2,11,7,5,25
BUENA VISTA,"anticoncepcion, prevencion de its y de cancer de cuello uterino",numero de mujeres con muestras de pap tomadas,2016-01-01,0,2,12,5,0,19
CABEZAS,"anticoncepcion, prevencion de its y de cancer de cuello uterino",numero de mujeres con muestras de pap tomadas,2016-01-01,0,0,3,1,0,4
CAIROMA,"anticoncepcion, prevencion de its y de cancer de cuello uterino",numero de mujeres con muestras de pap tomadas,2016-01-01,0,6,17,3,2,28
"CAIZA ""D""","anticoncepcion, prevencion de its y de cancer de cuello uterino",numero de mujeres con muestras de pap tomadas,2016-01-01,0,1,9,10,1,21
CAJUATA,"anticoncepcion, prevencion de its y de cancer de cuello uterino",numero de mujeres con muestras de pap tomadas,2016-01-01,1,6,41,23,7,78
CALACOTO,"anticoncepcion, prevencion de its y de cancer de cuello uterino",numero de mujeres con muestras de pap tomadas,2016-01-01,0,0,1,4,2,7
CALAMARCA,"anticoncepcion, prevencion de its y de cancer de cuello uterino",numero de mujeres con muestras de pap tomadas,2016-01-01,0,2,13,9,11,35
CAMARGO,"anticoncepcion, prevencion de its y de cancer de cuello uterino",numero de mujeres con muestras de pap tomadas,2016-01-01,0,8,40,24,5,77
CAMATAQUI (C. VILLA ABECIA),"anticoncepcion, prevencion de its y de cancer de cuello uterino",numero de mujeres con muestras de pap tomadas,2016-01-01,0,1,2,5,2,10
CAMIRI,"anticoncepcion, prevencion de its y de cancer de cuello uterino",numero de mujeres con muestras de pap tomadas,2016-01-01,0,0,17,16,3,36
CAPINOTA,"anticoncepcion, prevencion de its y de cancer de cuello uterino",numero de mujeres con muestras de pap tomadas,2016-01-01,0,7,38,13,2,60
CAQUIAVIRI,"anticoncepcion, prevencion de its y de cancer de cuello uterino",numero de mujeres con muestras de pap tomadas,2016-01-01,0,4,9,1,4,18
CARACOLLO,"anticoncepcion, prevencion de its y de cancer de cuello uterino",numero de mujeres con muestras de pap tomadas,2016-01-01,0,0,4,3,2,9
CARANAVI,"anticoncepcion, prevencion de its y de cancer de cuello uterino",numero de mujeres con muestras de pap tomadas,2016-01-01,0,15,86,39,18,158
CARANGAS,"anticoncepcion, prevencion de its y de cancer de cuello uterino",numero de mujeres con muestras de pap tomadas,2016-01-01,0,0,1,2,1,4
CARIPUYO,"anticoncepcion, prevencion de its y de cancer de cuello uterino",numero de mujeres con muestras de pap tomadas,2016-01-01,0,0,6,4,0,10
CARMEN RIVERO TORREZ,"anticoncepcion, prevencion de its y de cancer de cuello uterino",numero de mujeres con muestras de pap tomadas,2016-01-01,0,0,4,5,1,10
CHACARILLA,"anticoncepcion, prevencion de its y de cancer de cuello uterino",numero de mujeres con muestras de pap tomadas,2016-01-01,0,0,1,0,0,1
CHALLAPATA,"anticoncepcion, prevencion de its y de cancer de cuello uterino",numero de mujeres con muestras de pap tomadas,2016-01-01,0,2,27,16,0,45
CHAQUI,"anticoncepcion, prevencion de its y de cancer de cuello uterino",numero de mujeres con muestras de pap tomadas,2016-01-01,0,2,16,8,0,26
CHARAGUA,"anticoncepcion, prevencion de its y de cancer de cuello uterino",numero de mujeres con muestras de pap tomadas,2016-01-01,0,2,9,2,0,13
CHAYANTA,"anticoncepcion, prevencion de its y de cancer de cuello uterino",numero de mujeres con muestras de pap tomadas,2016-01-01,0,0,4,2,1,7
CHIMORE,"anticoncepcion, prevencion de its y de cancer de cuello uterino",numero de mujeres con muestras de pap tomadas,2016-01-01,0,4,9,1,1,15
CHIPAYA,"anticoncepcion, prevencion de its y de cancer de cuello uterino",numero de mujeres con muestras de pap tomadas,2016-01-01,0,0,1,0,0,1
CHUA COCANI,"anticoncepcion, prevencion de its y de cancer de cuello uterino",numero de mujeres con muestras de pap tomadas,2016-01-01,0,7,17,18,10,52
CHULUMANI (V. DE LA LIBERTAD),"anticoncepcion, prevencion de its y de cancer de cuello uterino",numero de mujeres con muestras de pap tomadas,2016-01-01,0,1,11,4,1,17
CHUMA,"anticoncepcion, prevencion de its y de cancer de cuello uterino",numero de mujeres con muestras de pap tomadas,2016-01-01,1,0,3,8,2,14
CHUQUIHUTA AYLLU JUCUMANI,"anticoncepcion, prevencion de its y de cancer de cuello uterino",numero de mujeres con muestras de pap tomadas,2016-01-01,0,4,17,8,1,30
CKOCHAS,"anticoncepcion, prevencion de its y de cancer de cuello uterino",numero de mujeres con muestras de pap tomadas,2016-01-01,0,3,10,9,1,23
CLIZA,"anticoncepcion, prevencion de its y de cancer de cuello uterino",numero de mujeres con muestras de pap tomadas,2016-01-01,1,6,36,8,4,55
COBIJA,"anticoncepcion, prevencion de its y de cancer de cuello uterino",numero de mujeres con muestras de pap tomadas,2016-01-01,0,8,87,39,5,139
COCAPATA,"anticoncepcion, prevencion de its y de cancer de cuello uterino",numero de mujeres con muestras de pap tomadas,2016-01-01,0,1,0,0,0,1
COCHABAMBA,"anticoncepcion, prevencion de its y de cancer de cuello uterino",numero de mujeres con muestras de pap tomadas,2016-01-01,0,81,1721,1711,483,3996
COLCAPIRHUA,"anticoncepcion, prevencion de its y de cancer de cuello uterino",numero de mujeres con muestras de pap tomadas,2016-01-01,0,1,32,29,13,75
"COLCHA ""K""","anticoncepcion, prevencion de its y de cancer de cuello uterino",numero de mujeres con muestras de pap tomadas,2016-01-01,0,0,11,2,1,14
COLLANA,"anticoncepcion, prevencion de its y de cancer de cuello uterino",numero de mujeres con muestras de pap tomadas,2016-01-01,1,0,6,2,2,11
COLOMI,"anticoncepcion, prevencion de its y de cancer de cuello uterino",numero de mujeres con muestras de pap tomadas,2016-01-01,0,1,7,0,1,9
COLPA BELGICA,"anticoncepcion, prevencion de its y de cancer de cuello uterino",numero de mujeres con muestras de pap tomadas,2016-01-01,0,1,3,1,0,5
COLQUECHACA,"anticoncepcion, prevencion de its y de cancer de cuello uterino",numero de mujeres con muestras de pap tomadas,2016-01-01,0,0,10,3,1,14
COLQUENCHA,"anticoncepcion, prevencion de its y de cancer de cuello uterino",numero de mujeres con muestras de pap tomadas,2016-01-01,0,0,6,9,1,16
COLQUIRI,"anticoncepcion, prevencion de its y de cancer de cuello uterino",numero de mujeres con muestras de pap tomadas,2016-01-01,0,1,9,5,1,16
COMARAPA,"anticoncepcion, prevencion de its y de cancer de cuello uterino",numero de mujeres con muestras de pap tomadas,2016-01-01,0,2,10,7,4,23
COMBAYA,"anticoncepcion, prevencion de its y de cancer de cuello uterino",numero de mujeres con muestras de pap tomadas,2016-01-01,0,1,4,3,2,10
CONCEPCION,"anticoncepcion, prevencion de its y de cancer de cuello uterino",numero de mujeres con muestras de pap tomadas,2016-01-01,0,0,12,3,1,16
COPACABANA,"anticoncepcion, prevencion de its y de cancer de cuello uterino",numero de mujeres con muestras de pap tomadas,2016-01-01,0,0,1,0,0,1
CORIPATA,"anticoncepcion, prevencion de its y de cancer de cuello uterino",numero de mujeres con muestras de pap tomadas,2016-01-01,0,3,4,5,0,12
CORO CORO,"anticoncepcion, prevencion de its y de cancer de cuello uterino",numero de mujeres con muestras de pap tomadas,2016-01-01,0,0,5,5,0,10
COROICO,"anticoncepcion, prevencion de its y de cancer de cuello uterino",numero de mujeres con muestras de pap tomadas,2016-01-01,0,1,14,11,5,31
CORQUE,"anticoncepcion, prevencion de its y de cancer de cuello uterino",numero de mujeres con muestras de pap tomadas,2016-01-01,0,0,6,1,0,7
COTAGAITA,"anticoncepcion, prevencion de its y de cancer de cuello uterino",numero de mujeres con muestras de pap tomadas,2016-01-01,0,0,7,8,2,17
COTOCA,"anticoncepcion, prevencion de its y de cancer de cuello uterino",numero de mujeres con muestras de pap tomadas,2016-01-01,2,26,75,28,8,139
CRUZ DE MACHACAMARCA,"anticoncepcion, prevencion de its y de cancer de cuello uterino",numero de mujeres con muestras de pap tomadas,2016-01-01,0,0,2,0,0,2
CUATRO CAÑADAS,"anticoncepcion, prevencion de its y de cancer de cuello uterino",numero de mujeres con muestras de pap tomadas,2016-01-01,1,3,8,6,0,18
CUEVO,"anticoncepcion, prevencion de its y de cancer de cuello uterino",numero de mujeres con muestras de pap tomadas,2016-01-01,0,0,1,2,0,3
CULPINA,"anticoncepcion, prevencion de its y de cancer de cuello uterino",numero de mujeres con muestras de pap tomadas,2016-01-01,0,5,27,29,4,65
CURAHUARA DE CARANGAS,"anticoncepcion, prevencion de its y de cancer de cuello uterino",numero de mujeres con muestras de pap tomadas,2016-01-01,0,1,0,2,0,3
CURVA,"anticoncepcion, prevencion de its y de cancer de cuello uterino",numero de mujeres con muestras de pap tomadas,2016-01-01,0,0,4,3,1,8
DESAGUADERO,"anticoncepcion, prevencion de its y de cancer de cuello uterino",numero de mujeres con muestras de pap tomadas,2016-01-01,0,0,5,3,0,8
EL ALTO,"anticoncepcion, prevencion de its y de cancer de cuello uterino",numero de mujeres con muestras de pap tomadas,2016-01-01,0,172,1607,988,298,3065
EL CHORO,"anticoncepcion, prevencion de its y de cancer de cuello uterino",numero de mujeres con muestras de pap tomadas,2016-01-01,0,0,1,0,0,1
EL PUENTE(STC),"anticoncepcion, prevencion de its y de cancer de cuello uterino",numero de mujeres con muestras de pap tomadas,2016-01-01,0,1,4,3,0,8
EL PUENTE(TJA),"anticoncepcion, prevencion de its y de cancer de cuello uterino",numero de mujeres con muestras de pap tomadas,2016-01-01,0,1,8,2,2,13
EL TORNO,"anticoncepcion, prevencion de its y de cancer de cuello uterino",numero de mujeres con muestras de pap tomadas,2016-01-01,1,16,218,180,72,487
EL VILLAR,"anticoncepcion, prevencion de its y de cancer de cuello uterino",numero de mujeres con muestras de pap tomadas,2016-01-01,0,1,5,9,0,15
ENTRE RIOS TRJ,"anticoncepcion, prevencion de its y de cancer de cuello uterino",numero de mujeres con muestras de pap tomadas,2016-01-01,0,1,12,6,3,22
ENTRE RIOS CBBA,"anticoncepcion, prevencion de its y de cancer de cuello uterino",numero de mujeres con muestras de pap tomadas,2016-01-01,0,4,15,4,0,23
ESCOMA,"anticoncepcion, prevencion de its y de cancer de cuello uterino",numero de mujeres con muestras de pap tomadas,2016-01-01,0,0,5,2,0,7
ESMERALDA,"anticoncepcion, prevencion de its y de cancer de cuello uterino",numero de mujeres con muestras de pap tomadas,2016-01-01,0,0,3,17,3,23
EUCALIPTUS,"anticoncepcion, prevencion de its y de cancer de cuello uterino",numero de mujeres con muestras de pap tomadas,2016-01-01,0,0,1,0,0,1
FERNANDEZ ALONSO,"anticoncepcion, prevencion de its y de cancer de cuello uterino",numero de mujeres con muestras de pap tomadas,2016-01-01,0,4,16,17,6,43
FILADELFIA,"anticoncepcion, prevencion de its y de cancer de cuello uterino",numero de mujeres con muestras de pap tomadas,2016-01-01,0,1,9,0,2,12
GENERAL SAAVEDRA,"anticoncepcion, prevencion de its y de cancer de cuello uterino",numero de mujeres con muestras de pap tomadas,2016-01-01,0,2,9,3,0,14
GRAL. J.J. PEREZ (CHARAZANI),"anticoncepcion, prevencion de its y de cancer de cuello uterino",numero de mujeres con muestras de pap tomadas,2016-01-01,0,0,5,5,0,10
GUANAY,"anticoncepcion, prevencion de its y de cancer de cuello uterino",numero de mujeres con muestras de pap tomadas,2016-01-01,1,0,33,3,1,38
GUAQUI,"anticoncepcion, prevencion de its y de cancer de cuello uterino",numero de mujeres con muestras de pap tomadas,2016-01-01,0,4,12,10,0,26
GUAYARAMERIN,"anticoncepcion, prevencion de its y de cancer de cuello uterino",numero de mujeres con muestras de pap tomadas,2016-01-01,3,19,47,27,3,99
GUTIERREZ,"anticoncepcion, prevencion de its y de cancer de cuello uterino",numero de mujeres con muestras de pap tomadas,2016-01-01,0,1,8,1,0,10
HUACARETA,"anticoncepcion, prevencion de its y de cancer de cuello uterino",numero de mujeres con muestras de pap tomadas,2016-01-01,0,2,11,3,2,18
HUACAYA (VILLA DE HUACAYA),"anticoncepcion, prevencion de its y de cancer de cuello uterino",numero de mujeres con muestras de pap tomadas,2016-01-01,0,0,1,0,0,1
HUACHACALLA,"anticoncepcion, prevencion de its y de cancer de cuello uterino",numero de mujeres con muestras de pap tomadas,2016-01-01,0,0,1,0,0,1
HUANUNI,"anticoncepcion, prevencion de its y de cancer de cuello uterino",numero de mujeres con muestras de pap tomadas,2016-01-01,0,2,14,16,5,37
HUARINA,"anticoncepcion, prevencion de its y de cancer de cuello uterino",numero de mujeres con muestras de pap tomadas,2016-01-01,0,2,7,0,0,9
HUATAJATA,"anticoncepcion, prevencion de its y de cancer de cuello uterino",numero de mujeres con muestras de pap tomadas,2016-01-01,0,0,1,1,3,5
HUAYLLAMARCA,"anticoncepcion, prevencion de its y de cancer de cuello uterino",numero de mujeres con muestras de pap tomadas,2016-01-01,0,0,1,1,0,2
HUMANATA,"anticoncepcion, prevencion de its y de cancer de cuello uterino",numero de mujeres con muestras de pap tomadas,2016-01-01,0,0,1,2,0,3
ICHOCA,"anticoncepcion, prevencion de its y de cancer de cuello uterino",numero de mujeres con muestras de pap tomadas,2016-01-01,0,0,2,0,0,2
ICLA,"anticoncepcion, prevencion de its y de cancer de cuello uterino",numero de mujeres con muestras de pap tomadas,2016-01-01,0,0,2,3,5,10
INCAHUASI,"anticoncepcion, prevencion de its y de cancer de cuello uterino",numero de mujeres con muestras de pap tomadas,2016-01-01,0,1,6,8,1,16
INQUISIVI,"anticoncepcion, prevencion de its y de cancer de cuello uterino",numero de mujeres con muestras de pap tomadas,2016-01-01,0,2,14,16,5,37
IRUPANA (VILLA DE LANZA),"anticoncepcion, prevencion de its y de cancer de cuello uterino",numero de mujeres con muestras de pap tomadas,2016-01-01,1,4,13,4,0,22
JESUS DE MACHACA,"anticoncepcion, prevencion de its y de cancer de cuello uterino",numero de mujeres con muestras de pap tomadas,2016-01-01,0,4,25,14,10,53
LA ASUNTA,"anticoncepcion, prevencion de its y de cancer de cuello uterino",numero de mujeres con muestras de pap tomadas,2016-01-01,0,5,29,15,2,51
LA GUARDIA,"anticoncepcion, prevencion de its y de cancer de cuello uterino",numero de mujeres con muestras de pap tomadas,2016-01-01,1,42,186,96,32,357
LA PAZ,"anticoncepcion, prevencion de its y de cancer de cuello uterino",numero de mujeres con muestras de pap tomadas,2016-01-01,1,111,1400,1434,581,3527
LAJA,"anticoncepcion, prevencion de its y de cancer de cuello uterino",numero de mujeres con muestras de pap tomadas,2016-01-01,0,3,24,10,7,44
LAS CARRERAS,"anticoncepcion, prevencion de its y de cancer de cuello uterino",numero de mujeres con muestras de pap tomadas,2016-01-01,0,1,1,0,0,2
LICOMA PAMPA,"anticoncepcion, prevencion de its y de cancer de cuello uterino",numero de mujeres con muestras de pap tomadas,2016-01-01,0,0,1,0,0,1
LLALLAGUA,"anticoncepcion, prevencion de its y de cancer de cuello uterino",numero de mujeres con muestras de pap tomadas,2016-01-01,0,0,4,1,0,5
LLICA,"anticoncepcion, prevencion de its y de cancer de cuello uterino",numero de mujeres con muestras de pap tomadas,2016-01-01,0,1,10,3,0,14
LURIBAY,"anticoncepcion, prevencion de its y de cancer de cuello uterino",numero de mujeres con muestras de pap tomadas,2016-01-01,0,1,3,2,1,7
MACHACAMARCA,"anticoncepcion, prevencion de its y de cancer de cuello uterino",numero de mujeres con muestras de pap tomadas,2016-01-01,0,0,1,0,1,2
MACHARETI,"anticoncepcion, prevencion de its y de cancer de cuello uterino",numero de mujeres con muestras de pap tomadas,2016-01-01,0,1,7,4,2,14
MAGDALENA,"anticoncepcion, prevencion de its y de cancer de cuello uterino",numero de mujeres con muestras de pap tomadas,2016-01-01,2,22,47,22,4,97
MAIRANA,"anticoncepcion, prevencion de its y de cancer de cuello uterino",numero de mujeres con muestras de pap tomadas,2016-01-01,0,0,2,4,0,6
MALLA,"anticoncepcion, prevencion de its y de cancer de cuello uterino",numero de mujeres con muestras de pap tomadas,2016-01-01,0,0,0,2,2,4
MAPIRI,"anticoncepcion, prevencion de its y de cancer de cuello uterino",numero de mujeres con muestras de pap tomadas,2016-01-01,0,1,6,5,0,12
MECAPACA,"anticoncepcion, prevencion de its y de cancer de cuello uterino",numero de mujeres con muestras de pap tomadas,2016-01-01,0,3,25,13,4,45
MINEROS,"anticoncepcion, prevencion de its y de cancer de cuello uterino",numero de mujeres con muestras de pap tomadas,2016-01-01,0,5,37,20,5,67
MIZQUE,"anticoncepcion, prevencion de its y de cancer de cuello uterino",numero de mujeres con muestras de pap tomadas,2016-01-01,1,7,22,11,1,42
MOCOMOCO,"anticoncepcion, prevencion de its y de cancer de cuello uterino",numero de mujeres con muestras de pap tomadas,2016-01-01,0,6,11,9,6,32
MOJOCOYA,"anticoncepcion, prevencion de its y de cancer de cuello uterino",numero de mujeres con muestras de pap tomadas,2016-01-01,0,2,12,13,3,30
MONTEAGUDO,"anticoncepcion, prevencion de its y de cancer de cuello uterino",numero de mujeres con muestras de pap tomadas,2016-01-01,0,9,44,29,23,105
MONTERO,"anticoncepcion, prevencion de its y de cancer de cuello uterino",numero de mujeres con muestras de pap tomadas,2016-01-01,5,10,97,66,27,205
MOROCHATA,"anticoncepcion, prevencion de its y de cancer de cuello uterino",numero de mujeres con muestras de pap tomadas,2016-01-01,0,0,3,3,1,7
NUEVO MANOA (NUEVA ESPERANZA),"anticoncepcion, prevencion de its y de cancer de cuello uterino",numero de mujeres con muestras de pap tomadas,2016-01-01,0,0,2,1,0,3
OCURI,"anticoncepcion, prevencion de its y de cancer de cuello uterino",numero de mujeres con muestras de pap tomadas,2016-01-01,0,1,4,5,0,10
OKINAWA,"anticoncepcion, prevencion de its y de cancer de cuello uterino",numero de mujeres con muestras de pap tomadas,2016-01-01,0,3,9,7,0,19
OMEREQUE,"anticoncepcion, prevencion de its y de cancer de cuello uterino",numero de mujeres con muestras de pap tomadas,2016-01-01,0,0,5,2,3,10
ORURO,"anticoncepcion, prevencion de its y de cancer de cuello uterino",numero de mujeres con muestras de pap tomadas,2016-01-01,4,30,389,248,117,788
PADCAYA,"anticoncepcion, prevencion de its y de cancer de cuello uterino",numero de mujeres con muestras de pap tomadas,2016-01-01,1,5,28,15,5,54
PADILLA,"anticoncepcion, prevencion de its y de cancer de cuello uterino",numero de mujeres con muestras de pap tomadas,2016-01-01,0,3,19,23,6,51
PAILON,"anticoncepcion, prevencion de its y de cancer de cuello uterino",numero de mujeres con muestras de pap tomadas,2016-01-01,0,4,7,5,3,19
PALCA,"anticoncepcion, prevencion de its y de cancer de cuello uterino",numero de mujeres con muestras de pap tomadas,2016-01-01,0,1,21,9,2,33
PALOS BLANCOS,"anticoncepcion, prevencion de its y de cancer de cuello uterino",numero de mujeres con muestras de pap tomadas,2016-01-01,0,8,61,27,4,100
PAPEL PAMPA,"anticoncepcion, prevencion de its y de cancer de cuello uterino",numero de mujeres con muestras de pap tomadas,2016-01-01,0,2,4,7,0,13
PASORAPA,"anticoncepcion, prevencion de its y de cancer de cuello uterino",numero de mujeres con muestras de pap tomadas,2016-01-01,0,0,0,0,1,1
PATACAMAYA,"anticoncepcion, prevencion de its y de cancer de cuello uterino",numero de mujeres con muestras de pap tomadas,2016-01-01,0,0,10,2,4,16
PAZÑA,"anticoncepcion, prevencion de its y de cancer de cuello uterino",numero de mujeres con muestras de pap tomadas,2016-01-01,0,0,18,1,0,19
PELECHUCO,"anticoncepcion, prevencion de its y de cancer de cuello uterino",numero de mujeres con muestras de pap tomadas,2016-01-01,0,0,1,3,0,4
POCOATA,"anticoncepcion, prevencion de its y de cancer de cuello uterino",numero de mujeres con muestras de pap tomadas,2016-01-01,0,1,2,10,1,14
POCONA,"anticoncepcion, prevencion de its y de cancer de cuello uterino",numero de mujeres con muestras de pap tomadas,2016-01-01,0,3,8,8,2,21
POJO (CBBA),"anticoncepcion, prevencion de its y de cancer de cuello uterino",numero de mujeres con muestras de pap tomadas,2016-01-01,0,1,3,3,0,7
POOPO,"anticoncepcion, prevencion de its y de cancer de cuello uterino",numero de mujeres con muestras de pap tomadas,2016-01-01,0,0,1,2,1,4
PORCO,"anticoncepcion, prevencion de its y de cancer de cuello uterino",numero de mujeres con muestras de pap tomadas,2016-01-01,0,2,4,0,0,6
POROMA,"anticoncepcion, prevencion de its y de cancer de cuello uterino",numero de mujeres con muestras de pap tomadas,2016-01-01,0,2,8,10,7,27
PORONGO,"anticoncepcion, prevencion de its y de cancer de cuello uterino",numero de mujeres con muestras de pap tomadas,2016-01-01,0,3,3,5,0,11
PORTACHUELO,"anticoncepcion, prevencion de its y de cancer de cuello uterino",numero de mujeres con muestras de pap tomadas,2016-01-01,0,0,22,10,5,37
PORVENIR,"anticoncepcion, prevencion de its y de cancer de cuello uterino",numero de mujeres con muestras de pap tomadas,2016-01-01,0,0,0,2,0,2
POSTRER VALLE,"anticoncepcion, prevencion de its y de cancer de cuello uterino",numero de mujeres con muestras de pap tomadas,2016-01-01,0,0,1,0,0,1
POTOSI,"anticoncepcion, prevencion de its y de cancer de cuello uterino",numero de mujeres con muestras de pap tomadas,2016-01-01,0,21,291,180,31,523
PRESTO,"anticoncepcion, prevencion de its y de cancer de cuello uterino",numero de mujeres con muestras de pap tomadas,2016-01-01,0,8,20,10,3,41
PUCARA,"anticoncepcion, prevencion de its y de cancer de cuello uterino",numero de mujeres con muestras de pap tomadas,2016-01-01,0,0,1,2,1,4
PUCARANI,"anticoncepcion, prevencion de its y de cancer de cuello uterino",numero de mujeres con muestras de pap tomadas,2016-01-01,0,13,62,28,5,108
PUERTO ACOSTA,"anticoncepcion, prevencion de its y de cancer de cuello uterino",numero de mujeres con muestras de pap tomadas,2016-01-01,0,1,7,4,3,15
PUERTO CARABUCO,"anticoncepcion, prevencion de its y de cancer de cuello uterino",numero de mujeres con muestras de pap tomadas,2016-01-01,0,1,8,4,1,14
PUERTO GONZALO MORENO,"anticoncepcion, prevencion de its y de cancer de cuello uterino",numero de mujeres con muestras de pap tomadas,2016-01-01,0,1,2,0,0,3
PUERTO PEREZ,"anticoncepcion, prevencion de its y de cancer de cuello uterino",numero de mujeres con muestras de pap tomadas,2016-01-01,0,0,0,0,1,1
PUERTO QUIJARRO,"anticoncepcion, prevencion de its y de cancer de cuello uterino",numero de mujeres con muestras de pap tomadas,2016-01-01,0,4,44,16,5,69
PUERTO RICO,"anticoncepcion, prevencion de its y de cancer de cuello uterino",numero de mujeres con muestras de pap tomadas,2016-01-01,0,7,6,1,0,14
PUERTO SUAREZ,"anticoncepcion, prevencion de its y de cancer de cuello uterino",numero de mujeres con muestras de pap tomadas,2016-01-01,0,4,2,1,0,7
PUERTO VILLARROEL,"anticoncepcion, prevencion de its y de cancer de cuello uterino",numero de mujeres con muestras de pap tomadas,2016-01-01,1,27,80,34,9,151
PUNA,"anticoncepcion, prevencion de its y de cancer de cuello uterino",numero de mujeres con muestras de pap tomadas,2016-01-01,0,5,17,13,9,44
PUNATA,"anticoncepcion, prevencion de its y de cancer de cuello uterino",numero de mujeres con muestras de pap tomadas,2016-01-01,0,7,61,22,7,97
QUIABAYA,"anticoncepcion, prevencion de its y de cancer de cuello uterino",numero de mujeres con muestras de pap tomadas,2016-01-01,0,5,6,3,2,16
QUILLACOLLO,"anticoncepcion, prevencion de its y de cancer de cuello uterino",numero de mujeres con muestras de pap tomadas,2016-01-01,0,56,128,115,43,342
QUIME,"anticoncepcion, prevencion de its y de cancer de cuello uterino",numero de mujeres con muestras de pap tomadas,2016-01-01,0,1,12,3,0,16
QUIRUSILLAS,"anticoncepcion, prevencion de its y de cancer de cuello uterino",numero de mujeres con muestras de pap tomadas,2016-01-01,0,3,3,0,0,6
RAVELO,"anticoncepcion, prevencion de its y de cancer de cuello uterino",numero de mujeres con muestras de pap tomadas,2016-01-01,0,0,4,2,2,8
RIBERALTA,"anticoncepcion, prevencion de its y de cancer de cuello uterino",numero de mujeres con muestras de pap tomadas,2016-01-01,4,41,165,32,14,256
ROBORE,"anticoncepcion, prevencion de its y de cancer de cuello uterino",numero de mujeres con muestras de pap tomadas,2016-01-01,0,0,1,0,0,1
RURRENABAQUE,"anticoncepcion, prevencion de its y de cancer de cuello uterino",numero de mujeres con muestras de pap tomadas,2016-01-01,0,4,28,9,3,44
SABAYA,"anticoncepcion, prevencion de its y de cancer de cuello uterino",numero de mujeres con muestras de pap tomadas,2016-01-01,0,0,5,1,0,6
SACABA,"anticoncepcion, prevencion de its y de cancer de cuello uterino",numero de mujeres con muestras de pap tomadas,2016-01-01,0,40,222,128,51,441
SACABAMBA,"anticoncepcion, prevencion de its y de cancer de cuello uterino",numero de mujeres con muestras de pap tomadas,2016-01-01,0,0,3,2,1,6
SACACA,"anticoncepcion, prevencion de its y de cancer de cuello uterino",numero de mujeres con muestras de pap tomadas,2016-01-01,0,2,14,7,0,23
SAIPINA,"anticoncepcion, prevencion de its y de cancer de cuello uterino",numero de mujeres con muestras de pap tomadas,2016-01-01,0,1,13,11,3,28
SALINAS DE GARCI MENDOZA,"anticoncepcion, prevencion de its y de cancer de cuello uterino",numero de mujeres con muestras de pap tomadas,2016-01-01,0,1,5,3,1,10
SAMAIPATA,"anticoncepcion, prevencion de its y de cancer de cuello uterino",numero de mujeres con muestras de pap tomadas,2016-01-01,0,1,8,7,2,18
SAN AGUSTIN,"anticoncepcion, prevencion de its y de cancer de cuello uterino",numero de mujeres con muestras de pap tomadas,2016-01-01,0,0,0,1,0,1
SAN ANDRES DE MACHACA,"anticoncepcion, prevencion de its y de cancer de cuello uterino",numero de mujeres con muestras de pap tomadas,2016-01-01,0,0,3,0,0,3
SAN ANTONIO DE LOMERIO,"anticoncepcion, prevencion de its y de cancer de cuello uterino",numero de mujeres con muestras de pap tomadas,2016-01-01,0,0,8,10,0,18
SAN BENITO,"anticoncepcion, prevencion de its y de cancer de cuello uterino",numero de mujeres con muestras de pap tomadas,2016-01-01,0,2,6,2,4,14
SAN BORJA,"anticoncepcion, prevencion de its y de cancer de cuello uterino",numero de mujeres con muestras de pap tomadas,2016-01-01,0,0,1,1,0,2
SAN BUENA VENTURA,"anticoncepcion, prevencion de its y de cancer de cuello uterino",numero de mujeres con muestras de pap tomadas,2016-01-01,0,1,3,0,0,4
SAN CARLOS,"anticoncepcion, prevencion de its y de cancer de cuello uterino",numero de mujeres con muestras de pap tomadas,2016-01-01,1,16,37,14,6,74
SAN IGNACIO,"anticoncepcion, prevencion de its y de cancer de cuello uterino",numero de mujeres con muestras de pap tomadas,2016-01-01,0,1,2,10,0,13
SAN IGNACIO DE VELASCO,"anticoncepcion, prevencion de its y de cancer de cuello uterino",numero de mujeres con muestras de pap tomadas,2016-01-01,0,9,38,5,1,53
SAN JAVIER(STC),"anticoncepcion, prevencion de its y de cancer de cuello uterino",numero de mujeres con muestras de pap tomadas,2016-01-01,0,1,12,7,0,20
SAN JOSE DE CHIQUITOS,"anticoncepcion, prevencion de its y de cancer de cuello uterino",numero de mujeres con muestras de pap tomadas,2016-01-01,0,1,12,5,0,18
SAN JUAN DE YAPACANI,"anticoncepcion, prevencion de its y de cancer de cuello uterino",numero de mujeres con muestras de pap tomadas,2016-01-01,12,9,20,14,21,76
SAN JULIAN,"anticoncepcion, prevencion de its y de cancer de cuello uterino",numero de mujeres con muestras de pap tomadas,2016-01-01,1,6,22,24,11,64
SAN LORENZO(PND),"anticoncepcion, prevencion de its y de cancer de cuello uterino",numero de mujeres con muestras de pap tomadas,2016-01-01,2,2,4,0,0,8
SAN LORENZO(TJA),"anticoncepcion, prevencion de its y de cancer de cuello uterino",numero de mujeres con muestras de pap tomadas,2016-01-01,0,0,8,6,2,16
SAN LUCAS,"anticoncepcion, prevencion de its y de cancer de cuello uterino",numero de mujeres con muestras de pap tomadas,2016-01-01,0,4,34,22,3,63
SAN MIGUEL DE VELASCO,"anticoncepcion, prevencion de its y de cancer de cuello uterino",numero de mujeres con muestras de pap tomadas,2016-01-01,0,2,9,6,0,17
SAN PEDRO,"anticoncepcion, prevencion de its y de cancer de cuello uterino",numero de mujeres con muestras de pap tomadas,2016-01-01,0,8,31,19,9,67
SAN PEDRO DE BUENA VISTA,"anticoncepcion, prevencion de its y de cancer de cuello uterino",numero de mujeres con muestras de pap tomadas,2016-01-01,0,9,11,4,1,25
SAN PEDRO DE CURAHUARA,"anticoncepcion, prevencion de its y de cancer de cuello uterino",numero de mujeres con muestras de pap tomadas,2016-01-01,0,0,2,4,0,6
SAN PEDRO DE QUEMES,"anticoncepcion, prevencion de its y de cancer de cuello uterino",numero de mujeres con muestras de pap tomadas,2016-01-01,0,0,1,0,0,1
SAN PEDRO DE TIQUINA,"anticoncepcion, prevencion de its y de cancer de cuello uterino",numero de mujeres con muestras de pap tomadas,2016-01-01,0,0,3,2,1,6
SAN RAFAEL,"anticoncepcion, prevencion de its y de cancer de cuello uterino",numero de mujeres con muestras de pap tomadas,2016-01-01,0,0,4,2,0,6
SAN RAMON BENI,"anticoncepcion, prevencion de its y de cancer de cuello uterino",numero de mujeres con muestras de pap tomadas,2016-01-01,0,1,0,0,0,1
SAN RAMON SCZ,"anticoncepcion, prevencion de its y de cancer de cuello uterino",numero de mujeres con muestras de pap tomadas,2016-01-01,0,2,8,0,2,12
SANTA ANA,"anticoncepcion, prevencion de its y de cancer de cuello uterino",numero de mujeres con muestras de pap tomadas,2016-01-01,0,0,1,1,1,3
SANTA CRUZ DE LA SIERRA,"anticoncepcion, prevencion de its y de cancer de cuello uterino",numero de mujeres con muestras de pap tomadas,2016-01-01,10,429,1830,1263,420,3952
SANTA ROSA DEL SARA,"anticoncepcion, prevencion de its y de cancer de cuello uterino",numero de mujeres con muestras de pap tomadas,2016-01-01,0,5,13,11,0,29
SANTIAGO DE HUARI,"anticoncepcion, prevencion de its y de cancer de cuello uterino",numero de mujeres con muestras de pap tomadas,2016-01-01,0,2,25,10,2,39
SANTIAGO DE HUATA,"anticoncepcion, prevencion de its y de cancer de cuello uterino",numero de mujeres con muestras de pap tomadas,2016-01-01,0,0,3,2,1,6
SANTIAGO DE MACHACA,"anticoncepcion, prevencion de its y de cancer de cuello uterino",numero de mujeres con muestras de pap tomadas,2016-01-01,0,0,2,1,1,4
SANTIVAÑES,"anticoncepcion, prevencion de its y de cancer de cuello uterino",numero de mujeres con muestras de pap tomadas,2016-01-01,0,0,3,2,0,5
SANTUARIO DE QUILLACAS,"anticoncepcion, prevencion de its y de cancer de cuello uterino",numero de mujeres con muestras de pap tomadas,2016-01-01,0,2,3,0,0,5
SAPAHAQUI,"anticoncepcion, prevencion de its y de cancer de cuello uterino",numero de mujeres con muestras de pap tomadas,2016-01-01,0,2,3,5,1,11
SHINAOTA,"anticoncepcion, prevencion de its y de cancer de cuello uterino",numero de mujeres con muestras de pap tomadas,2016-01-01,0,8,17,5,0,30
SICA SICA (VILLA AROMA),"anticoncepcion, prevencion de its y de cancer de cuello uterino",numero de mujeres con muestras de pap tomadas,2016-01-01,0,4,18,10,6,38
SICAYA,"anticoncepcion, prevencion de its y de cancer de cuello uterino",numero de mujeres con muestras de pap tomadas,2016-01-01,0,0,1,0,0,1
SIPE SIPE,"anticoncepcion, prevencion de its y de cancer de cuello uterino",numero de mujeres con muestras de pap tomadas,2016-01-01,0,6,24,17,5,52
SOPACHUY,"anticoncepcion, prevencion de its y de cancer de cuello uterino",numero de mujeres con muestras de pap tomadas,2016-01-01,0,7,11,13,3,34
SORACACHI,"anticoncepcion, prevencion de its y de cancer de cuello uterino",numero de mujeres con muestras de pap tomadas,2016-01-01,0,0,2,2,0,4
SORATA,"anticoncepcion, prevencion de its y de cancer de cuello uterino",numero de mujeres con muestras de pap tomadas,2016-01-01,0,2,12,5,1,20
SUCRE,"anticoncepcion, prevencion de its y de cancer de cuello uterino",numero de mujeres con muestras de pap tomadas,2016-01-01,0,132,975,581,164,1852
TACACHI,"anticoncepcion, prevencion de its y de cancer de cuello uterino",numero de mujeres con muestras de pap tomadas,2016-01-01,0,1,0,0,0,1
TACACOMA,"anticoncepcion, prevencion de its y de cancer de cuello uterino",numero de mujeres con muestras de pap tomadas,2016-01-01,0,1,11,5,1,18
TACOBAMBA,"anticoncepcion, prevencion de its y de cancer de cuello uterino",numero de mujeres con muestras de pap tomadas,2016-01-01,0,0,2,0,1,3
TACOPAYA,"anticoncepcion, prevencion de its y de cancer de cuello uterino",numero de mujeres con muestras de pap tomadas,2016-01-01,0,1,4,3,1,9
TAPACARI,"anticoncepcion, prevencion de its y de cancer de cuello uterino",numero de mujeres con muestras de pap tomadas,2016-01-01,0,2,6,3,1,12
TARABUCO,"anticoncepcion, prevencion de its y de cancer de cuello uterino",numero de mujeres con muestras de pap tomadas,2016-01-01,0,1,7,4,0,12
TARACO,"anticoncepcion, prevencion de its y de cancer de cuello uterino",numero de mujeres con muestras de pap tomadas,2016-01-01,0,0,2,1,3,6
TARATA,"anticoncepcion, prevencion de its y de cancer de cuello uterino",numero de mujeres con muestras de pap tomadas,2016-01-01,0,1,10,5,1,17
TARIJA,"anticoncepcion, prevencion de its y de cancer de cuello uterino",numero de mujeres con muestras de pap tomadas,2016-01-01,9,28,248,220,82,587
TARVITA,"anticoncepcion, prevencion de its y de cancer de cuello uterino",numero de mujeres con muestras de pap tomadas,2016-01-01,0,11,24,31,1,67
TEOPONTE,"anticoncepcion, prevencion de its y de cancer de cuello uterino",numero de mujeres con muestras de pap tomadas,2016-01-01,0,1,6,16,0,23
TIAWANACU,"anticoncepcion, prevencion de its y de cancer de cuello uterino",numero de mujeres con muestras de pap tomadas,2016-01-01,0,2,16,10,6,34
TINGUIPAYA,"anticoncepcion, prevencion de its y de cancer de cuello uterino",numero de mujeres con muestras de pap tomadas,2016-01-01,0,0,15,5,1,21
TIPUANI,"anticoncepcion, prevencion de its y de cancer de cuello uterino",numero de mujeres con muestras de pap tomadas,2016-01-01,0,3,22,11,6,42
TIQUIPAYA,"anticoncepcion, prevencion de its y de cancer de cuello uterino",numero de mujeres con muestras de pap tomadas,2016-01-01,0,12,74,30,9,125
TIRAQUE (CBBA),"anticoncepcion, prevencion de its y de cancer de cuello uterino",numero de mujeres con muestras de pap tomadas,2016-01-01,0,5,8,4,0,17
TOCO,"anticoncepcion, prevencion de its y de cancer de cuello uterino",numero de mujeres con muestras de pap tomadas,2016-01-01,0,1,11,1,1,14
TOLATA,"anticoncepcion, prevencion de its y de cancer de cuello uterino",numero de mujeres con muestras de pap tomadas,2016-01-01,0,3,9,2,1,15
TOLEDO,"anticoncepcion, prevencion de its y de cancer de cuello uterino",numero de mujeres con muestras de pap tomadas,2016-01-01,0,0,1,0,2,3
TOMAVE,"anticoncepcion, prevencion de its y de cancer de cuello uterino",numero de mujeres con muestras de pap tomadas,2016-01-01,1,2,5,3,1,12
TOMINA,"anticoncepcion, prevencion de its y de cancer de cuello uterino",numero de mujeres con muestras de pap tomadas,2016-01-01,0,4,15,17,2,38
TORO TORO,"anticoncepcion, prevencion de its y de cancer de cuello uterino",numero de mujeres con muestras de pap tomadas,2016-01-01,1,4,20,13,7,45
TOTORA(CBBA),"anticoncepcion, prevencion de its y de cancer de cuello uterino",numero de mujeres con muestras de pap tomadas,2016-01-01,0,2,2,4,1,9
TOTORA(ORR),"anticoncepcion, prevencion de its y de cancer de cuello uterino",numero de mujeres con muestras de pap tomadas,2016-01-01,0,0,2,0,1,3
TRIGAL,"anticoncepcion, prevencion de its y de cancer de cuello uterino",numero de mujeres con muestras de pap tomadas,2016-01-01,0,1,1,1,1,4
TRINIDAD,"anticoncepcion, prevencion de its y de cancer de cuello uterino",numero de mujeres con muestras de pap tomadas,2016-01-01,4,14,84,102,5,209
TUPIZA,"anticoncepcion, prevencion de its y de cancer de cuello uterino",numero de mujeres con muestras de pap tomadas,2016-01-01,0,5,39,25,9,78
TURCO,"anticoncepcion, prevencion de its y de cancer de cuello uterino",numero de mujeres con muestras de pap tomadas,2016-01-01,0,3,3,0,0,6
UMALA,"anticoncepcion, prevencion de its y de cancer de cuello uterino",numero de mujeres con muestras de pap tomadas,2016-01-01,0,5,7,1,0,13
UNCIA,"anticoncepcion, prevencion de its y de cancer de cuello uterino",numero de mujeres con muestras de pap tomadas,2016-01-01,0,0,8,5,5,18
URIONDO (A. CONCEPCION),"anticoncepcion, prevencion de its y de cancer de cuello uterino",numero de mujeres con muestras de pap tomadas,2016-01-01,0,0,5,6,0,11
URUBICHA,"anticoncepcion, prevencion de its y de cancer de cuello uterino",numero de mujeres con muestras de pap tomadas,2016-01-01,0,3,5,1,0,9
UYUNI,"anticoncepcion, prevencion de its y de cancer de cuello uterino",numero de mujeres con muestras de pap tomadas,2016-01-01,0,0,12,10,12,34
VACAS,"anticoncepcion, prevencion de its y de cancer de cuello uterino",numero de mujeres con muestras de pap tomadas,2016-01-01,0,2,1,2,0,5
VALLEGRANDE,"anticoncepcion, prevencion de its y de cancer de cuello uterino",numero de mujeres con muestras de pap tomadas,2016-01-01,3,8,42,7,6,66
VIACHA,"anticoncepcion, prevencion de its y de cancer de cuello uterino",numero de mujeres con muestras de pap tomadas,2016-01-01,1,6,104,83,47,241
VILLA CHARCAS,"anticoncepcion, prevencion de its y de cancer de cuello uterino",numero de mujeres con muestras de pap tomadas,2016-01-01,0,3,14,6,2,25
VILLA MONTES,"anticoncepcion, prevencion de its y de cancer de cuello uterino",numero de mujeres con muestras de pap tomadas,2016-01-01,1,10,68,41,11,131
VILLA NUEVA (LOMA ALTA),"anticoncepcion, prevencion de its y de cancer de cuello uterino",numero de mujeres con muestras de pap tomadas,2016-01-01,0,1,0,0,0,1
VILLA RIVERO,"anticoncepcion, prevencion de its y de cancer de cuello uterino",numero de mujeres con muestras de pap tomadas,2016-01-01,0,1,15,5,2,23
VILLA SERRANO,"anticoncepcion, prevencion de its y de cancer de cuello uterino",numero de mujeres con muestras de pap tomadas,2016-01-01,0,7,20,20,0,47
VILLA TUNARI,"anticoncepcion, prevencion de its y de cancer de cuello uterino",numero de mujeres con muestras de pap tomadas,2016-01-01,0,5,58,35,12,110
VILLA VACA GUZMAN (MUYUPAMPA),"anticoncepcion, prevencion de its y de cancer de cuello uterino",numero de mujeres con muestras de pap tomadas,2016-01-01,0,1,9,2,1,13
VILLAZON,"anticoncepcion, prevencion de its y de cancer de cuello uterino",numero de mujeres con muestras de pap tomadas,2016-01-01,0,9,55,39,4,107
VINTO,"anticoncepcion, prevencion de its y de cancer de cuello uterino",numero de mujeres con muestras de pap tomadas,2016-01-01,0,4,31,15,8,58
VITICHI,"anticoncepcion, prevencion de its y de cancer de cuello uterino",numero de mujeres con muestras de pap tomadas,2016-01-01,0,2,4,1,2,9
WALDO BALLIVIAN,"anticoncepcion, prevencion de its y de cancer de cuello uterino",numero de mujeres con muestras de pap tomadas,2016-01-01,0,0,2,0,0,2
WARNES,"anticoncepcion, prevencion de its y de cancer de cuello uterino",numero de mujeres con muestras de pap tomadas,2016-01-01,0,19,86,24,13,142
YACO,"anticoncepcion, prevencion de its y de cancer de cuello uterino",numero de mujeres con muestras de pap tomadas,2016-01-01,0,0,7,0,0,7
YACUIBA,"anticoncepcion, prevencion de its y de cancer de cuello uterino",numero de mujeres con muestras de pap tomadas,2016-01-01,3,33,187,123,53,399
YAMPARAEZ,"anticoncepcion, prevencion de its y de cancer de cuello uterino",numero de mujeres con muestras de pap tomadas,2016-01-01,0,4,17,10,5,36
YANACACHI,"anticoncepcion, prevencion de its y de cancer de cuello uterino",numero de mujeres con muestras de pap tomadas,2016-01-01,0,0,8,2,0,10
YAPACANI,"anticoncepcion, prevencion de its y de cancer de cuello uterino",numero de mujeres con muestras de pap tomadas,2016-01-01,1,17,45,18,4,85
YOCALLA,"anticoncepcion, prevencion de its y de cancer de cuello uterino",numero de mujeres con muestras de pap tomadas,2016-01-01,0,0,5,7,0,12
YOTALA,"anticoncepcion, prevencion de its y de cancer de cuello uterino",numero de mujeres con muestras de pap tomadas,2016-01-01,0,4,14,0,0,18
YUNCHARA,"anticoncepcion, prevencion de its y de cancer de cuello uterino",numero de mujeres con muestras de pap tomadas,2016-01-01,0,0,3,4,0,7
ZUDAÑEZ,"anticoncepcion, prevencion de its y de cancer de cuello uterino",numero de mujeres con muestras de pap tomadas,2016-01-01,1,2,16,12,3,34
ACACIO,"anticoncepcion, prevencion de its y de cancer de cuello uterino",numero de mujeres con muestras de pap tomadas,2016-02-01,0,0,1,3,0,4
ACHACACHI,"anticoncepcion, prevencion de its y de cancer de cuello uterino",numero de mujeres con muestras de pap tomadas,2016-02-01,0,2,21,15,14,52
ACHOCALLA,"anticoncepcion, prevencion de its y de cancer de cuello uterino",numero de mujeres con muestras de pap tomadas,2016-02-01,6,4,9,7,0,26
AIQUILE,"anticoncepcion, prevencion de its y de cancer de cuello uterino",numero de mujeres con muestras de pap tomadas,2016-02-01,0,4,13,9,4,30
ALCALA,"anticoncepcion, prevencion de its y de cancer de cuello uterino",numero de mujeres con muestras de pap tomadas,2016-02-01,0,1,24,24,2,51
ALTO BENI,"anticoncepcion, prevencion de its y de cancer de cuello uterino",numero de mujeres con muestras de pap tomadas,2016-02-01,0,3,10,10,10,33
ANCORAIMES,"anticoncepcion, prevencion de its y de cancer de cuello uterino",numero de mujeres con muestras de pap tomadas,2016-02-01,0,10,31,16,3,60
ANDAMARCA,"anticoncepcion, prevencion de its y de cancer de cuello uterino",numero de mujeres con muestras de pap tomadas,2016-02-01,0,0,1,1,1,3
ANZALDO,"anticoncepcion, prevencion de its y de cancer de cuello uterino",numero de mujeres con muestras de pap tomadas,2016-02-01,0,1,1,1,0,3
APOLO,"anticoncepcion, prevencion de its y de cancer de cuello uterino",numero de mujeres con muestras de pap tomadas,2016-02-01,0,2,18,6,0,26
ARAMPAMPA,"anticoncepcion, prevencion de its y de cancer de cuello uterino",numero de mujeres con muestras de pap tomadas,2016-02-01,1,1,2,2,0,6
ARANI,"anticoncepcion, prevencion de its y de cancer de cuello uterino",numero de mujeres con muestras de pap tomadas,2016-02-01,0,5,10,12,0,27
ARBIETO,"anticoncepcion, prevencion de its y de cancer de cuello uterino",numero de mujeres con muestras de pap tomadas,2016-02-01,0,8,45,14,6,73
ARQUE,"anticoncepcion, prevencion de its y de cancer de cuello uterino",numero de mujeres con muestras de pap tomadas,2016-02-01,0,0,3,1,0,4
ASCENCION DE GUARAYOS,"anticoncepcion, prevencion de its y de cancer de cuello uterino",numero de mujeres con muestras de pap tomadas,2016-02-01,2,11,61,20,9,103
ATOCHA,"anticoncepcion, prevencion de its y de cancer de cuello uterino",numero de mujeres con muestras de pap tomadas,2016-02-01,0,0,14,7,0,21
AYATA,"anticoncepcion, prevencion de its y de cancer de cuello uterino",numero de mujeres con muestras de pap tomadas,2016-02-01,0,0,3,3,2,8
AYO AYO,"anticoncepcion, prevencion de its y de cancer de cuello uterino",numero de mujeres con muestras de pap tomadas,2016-02-01,0,0,2,0,0,2
AYOPAYA (V. DE INDEPENDENCIA),"anticoncepcion, prevencion de its y de cancer de cuello uterino",numero de mujeres con muestras de pap tomadas,2016-02-01,0,4,15,5,0,24
AZURDUY,"anticoncepcion, prevencion de its y de cancer de cuello uterino",numero de mujeres con muestras de pap tomadas,2016-02-01,0,4,10,9,1,24
BATALLAS,"anticoncepcion, prevencion de its y de cancer de cuello uterino",numero de mujeres con muestras de pap tomadas,2016-02-01,0,2,5,7,3,17
BELEN DE URMIRI,"anticoncepcion, prevencion de its y de cancer de cuello uterino",numero de mujeres con muestras de pap tomadas,2016-02-01,0,0,1,2,0,3
BELLA FLOR,"anticoncepcion, prevencion de its y de cancer de cuello uterino",numero de mujeres con muestras de pap tomadas,2016-02-01,0,0,1,0,0,1
BERMEJO,"anticoncepcion, prevencion de its y de cancer de cuello uterino",numero de mujeres con muestras de pap tomadas,2016-02-01,0,7,65,23,8,103
BETANZOS,"anticoncepcion, prevencion de its y de cancer de cuello uterino",numero de mujeres con muestras de pap tomadas,2016-02-01,0,0,5,9,0,14
BUENA VISTA,"anticoncepcion, prevencion de its y de cancer de cuello uterino",numero de mujeres con muestras de pap tomadas,2016-02-01,4,7,15,17,0,43
CABEZAS,"anticoncepcion, prevencion de its y de cancer de cuello uterino",numero de mujeres con muestras de pap tomadas,2016-02-01,0,2,15,5,3,25
CAIROMA,"anticoncepcion, prevencion de its y de cancer de cuello uterino",numero de mujeres con muestras de pap tomadas,2016-02-01,0,3,18,28,15,64
"CAIZA ""D""","anticoncepcion, prevencion de its y de cancer de cuello uterino",numero de mujeres con muestras de pap tomadas,2016-02-01,0,3,19,11,4,37
CAJUATA,"anticoncepcion, prevencion de its y de cancer de cuello uterino",numero de mujeres con muestras de pap tomadas,2016-02-01,1,2,12,9,0,24
CALACOTO,"anticoncepcion, prevencion de its y de cancer de cuello uterino",numero de mujeres con muestras de pap tomadas,2016-02-01,0,2,3,0,4,9
CALAMARCA,"anticoncepcion, prevencion de its y de cancer de cuello uterino",numero de mujeres con muestras de pap tomadas,2016-02-01,0,3,12,5,4,24
CAMARGO,"anticoncepcion, prevencion de its y de cancer de cuello uterino",numero de mujeres con muestras de pap tomadas,2016-02-01,0,17,37,33,4,91
CAMATAQUI (C. VILLA ABECIA),"anticoncepcion, prevencion de its y de cancer de cuello uterino",numero de mujeres con muestras de pap tomadas,2016-02-01,0,1,2,1,0,4
CAMIRI,"anticoncepcion, prevencion de its y de cancer de cuello uterino",numero de mujeres con muestras de pap tomadas,2016-02-01,0,1,8,11,0,20
CAPINOTA,"anticoncepcion, prevencion de its y de cancer de cuello uterino",numero de mujeres con muestras de pap tomadas,2016-02-01,0,5,31,10,3,49
CAQUIAVIRI,"anticoncepcion, prevencion de its y de cancer de cuello uterino",numero de mujeres con muestras de pap tomadas,2016-02-01,0,1,11,7,1,20
CARACOLLO,"anticoncepcion, prevencion de its y de cancer de cuello uterino",numero de mujeres con muestras de pap tomadas,2016-02-01,0,0,9,2,3,14
CARANAVI,"anticoncepcion, prevencion de its y de cancer de cuello uterino",numero de mujeres con muestras de pap tomadas,2016-02-01,0,5,73,51,8,137
CARAPARI,"anticoncepcion, prevencion de its y de cancer de cuello uterino",numero de mujeres con muestras de pap tomadas,2016-02-01,0,0,2,2,0,4
CARIPUYO,"anticoncepcion, prevencion de its y de cancer de cuello uterino",numero de mujeres con muestras de pap tomadas,2016-02-01,0,2,27,22,6,57
CARMEN RIVERO TORREZ,"anticoncepcion, prevencion de its y de cancer de cuello uterino",numero de mujeres con muestras de pap tomadas,2016-02-01,0,2,7,1,0,10
CHALLAPATA,"anticoncepcion, prevencion de its y de cancer de cuello uterino",numero de mujeres con muestras de pap tomadas,2016-02-01,0,0,10,3,0,13
CHAQUI,"anticoncepcion, prevencion de its y de cancer de cuello uterino",numero de mujeres con muestras de pap tomadas,2016-02-01,0,0,13,15,4,32
CHARAGUA,"anticoncepcion, prevencion de its y de cancer de cuello uterino",numero de mujeres con muestras de pap tomadas,2016-02-01,0,0,13,4,1,18
CHARAÑA,"anticoncepcion, prevencion de its y de cancer de cuello uterino",numero de mujeres con muestras de pap tomadas,2016-02-01,0,0,1,0,0,1
CHAYANTA,"anticoncepcion, prevencion de its y de cancer de cuello uterino",numero de mujeres con muestras de pap tomadas,2016-02-01,0,1,14,3,0,18
CHIMORE,"anticoncepcion, prevencion de its y de cancer de cuello uterino",numero de mujeres con muestras de pap tomadas,2016-02-01,0,5,6,5,0,16
CHUA COCANI,"anticoncepcion, prevencion de its y de cancer de cuello uterino",numero de mujeres con muestras de pap tomadas,2016-02-01,0,1,2,5,4,12
CHULUMANI (V. DE LA LIBERTAD),"anticoncepcion, prevencion de its y de cancer de cuello uterino",numero de mujeres con muestras de pap tomadas,2016-02-01,0,2,14,7,2,25
CHUMA,"anticoncepcion, prevencion de its y de cancer de cuello uterino",numero de mujeres con muestras de pap tomadas,2016-02-01,0,0,7,6,4,17
CHUQUIHUTA AYLLU JUCUMANI,"anticoncepcion, prevencion de its y de cancer de cuello uterino",numero de mujeres con muestras de pap tomadas,2016-02-01,0,1,7,0,0,8
CKOCHAS,"anticoncepcion, prevencion de its y de cancer de cuello uterino",numero de mujeres con muestras de pap tomadas,2016-02-01,0,1,11,12,1,25
CLIZA,"anticoncepcion, prevencion de its y de cancer de cuello uterino",numero de mujeres con muestras de pap tomadas,2016-02-01,0,6,19,10,2,37
COBIJA,"anticoncepcion, prevencion de its y de cancer de cuello uterino",numero de mujeres con muestras de pap tomadas,2016-02-01,2,20,78,23,7,130
COCAPATA,"anticoncepcion, prevencion de its y de cancer de cuello uterino",numero de mujeres con muestras de pap tomadas,2016-02-01,0,2,3,3,0,8
COCHABAMBA,"anticoncepcion, prevencion de its y de cancer de cuello uterino",numero de mujeres con muestras de pap tomadas,2016-02-01,2,93,1352,994,457,2898
COIPASA,"anticoncepcion, prevencion de its y de cancer de cuello uterino",numero de mujeres con muestras de pap tomadas,2016-02-01,0,0,1,1,0,2
COLCAPIRHUA,"anticoncepcion, prevencion de its y de cancer de cuello uterino",numero de mujeres con muestras de pap tomadas,2016-02-01,0,5,38,17,8,68
"COLCHA ""K""","anticoncepcion, prevencion de its y de cancer de cuello uterino",numero de mujeres con muestras de pap tomadas,2016-02-01,0,0,2,0,2,4
COLLANA,"anticoncepcion, prevencion de its y de cancer de cuello uterino",numero de mujeres con muestras de pap tomadas,2016-02-01,0,0,0,1,0,1
COLOMI,"anticoncepcion, prevencion de its y de cancer de cuello uterino",numero de mujeres con muestras de pap tomadas,2016-02-01,0,0,5,0,0,5
COLPA BELGICA,"anticoncepcion, prevencion de its y de cancer de cuello uterino",numero de mujeres con muestras de pap tomadas,2016-02-01,0,0,5,1,0,6
COLQUECHACA,"anticoncepcion, prevencion de its y de cancer de cuello uterino",numero de mujeres con muestras de pap tomadas,2016-02-01,0,5,20,4,5,34
COLQUENCHA,"anticoncepcion, prevencion de its y de cancer de cuello uterino",numero de mujeres con muestras de pap tomadas,2016-02-01,0,1,6,3,2,12
COLQUIRI,"anticoncepcion, prevencion de its y de cancer de cuello uterino",numero de mujeres con muestras de pap tomadas,2016-02-01,0,0,2,3,0,5
COMANCHE,"anticoncepcion, prevencion de its y de cancer de cuello uterino",numero de mujeres con muestras de pap tomadas,2016-02-01,0,0,1,1,0,2
COMARAPA,"anticoncepcion, prevencion de its y de cancer de cuello uterino",numero de mujeres con muestras de pap tomadas,2016-02-01,0,3,10,9,5,27
COMBAYA,"anticoncepcion, prevencion de its y de cancer de cuello uterino",numero de mujeres con muestras de pap tomadas,2016-02-01,0,0,0,0,1,1
CONCEPCION,"anticoncepcion, prevencion de its y de cancer de cuello uterino",numero de mujeres con muestras de pap tomadas,2016-02-01,0,2,30,12,3,47
CORIPATA,"anticoncepcion, prevencion de its y de cancer de cuello uterino",numero de mujeres con muestras de pap tomadas,2016-02-01,0,0,4,3,0,7
CORO CORO,"anticoncepcion, prevencion de its y de cancer de cuello uterino",numero de mujeres con muestras de pap tomadas,2016-02-01,0,0,6,1,1,8
COROICO,"anticoncepcion, prevencion de its y de cancer de cuello uterino",numero de mujeres con muestras de pap tomadas,2016-02-01,0,3,8,12,5,28
CORQUE,"anticoncepcion, prevencion de its y de cancer de cuello uterino",numero de mujeres con muestras de pap tomadas,2016-02-01,0,0,3,1,1,5
COTAGAITA,"anticoncepcion, prevencion de its y de cancer de cuello uterino",numero de mujeres con muestras de pap tomadas,2016-02-01,0,2,9,11,3,25
COTOCA,"anticoncepcion, prevencion de its y de cancer de cuello uterino",numero de mujeres con muestras de pap tomadas,2016-02-01,1,24,92,44,19,180
CRUZ DE MACHACAMARCA,"anticoncepcion, prevencion de its y de cancer de cuello uterino",numero de mujeres con muestras de pap tomadas,2016-02-01,0,1,4,0,2,7
CUATRO CAÑADAS,"anticoncepcion, prevencion de its y de cancer de cuello uterino",numero de mujeres con muestras de pap tomadas,2016-02-01,0,3,36,16,5,60
CUCHUMUELA (V. G. VILLARROEL),"anticoncepcion, prevencion de its y de cancer de cuello uterino",numero de mujeres con muestras de pap tomadas,2016-02-01,0,0,1,0,0,1
CUEVO,"anticoncepcion, prevencion de its y de cancer de cuello uterino",numero de mujeres con muestras de pap tomadas,2016-02-01,0,0,1,1,0,2
CULPINA,"anticoncepcion, prevencion de its y de cancer de cuello uterino",numero de mujeres con muestras de pap tomadas,2016-02-01,0,5,20,32,11,68
CURAHUARA DE CARANGAS,"anticoncepcion, prevencion de its y de cancer de cuello uterino",numero de mujeres con muestras de pap tomadas,2016-02-01,0,0,1,0,0,1
CURVA,"anticoncepcion, prevencion de its y de cancer de cuello uterino",numero de mujeres con muestras de pap tomadas,2016-02-01,0,0,3,0,0,3
DESAGUADERO,"anticoncepcion, prevencion de its y de cancer de cuello uterino",numero de mujeres con muestras de pap tomadas,2016-02-01,0,0,4,1,0,5
EL ALTO,"anticoncepcion, prevencion de its y de cancer de cuello uterino",numero de mujeres con muestras de pap tomadas,2016-02-01,1,126,1637,1044,350,3158
EL PUENTE(STC),"anticoncepcion, prevencion de its y de cancer de cuello uterino",numero de mujeres con muestras de pap tomadas,2016-02-01,0,2,8,3,0,13
EL PUENTE(TJA),"anticoncepcion, prevencion de its y de cancer de cuello uterino",numero de mujeres con muestras de pap tomadas,2016-02-01,0,2,9,3,0,14
EL TORNO,"anticoncepcion, prevencion de its y de cancer de cuello uterino",numero de mujeres con muestras de pap tomadas,2016-02-01,0,26,116,79,26,247
EL VILLAR,"anticoncepcion, prevencion de its y de cancer de cuello uterino",numero de mujeres con muestras de pap tomadas,2016-02-01,0,1,11,17,10,39
ENTRE RIOS TRJ,"anticoncepcion, prevencion de its y de cancer de cuello uterino",numero de mujeres con muestras de pap tomadas,2016-02-01,0,18,22,7,1,48
ENTRE RIOS CBBA,"anticoncepcion, prevencion de its y de cancer de cuello uterino",numero de mujeres con muestras de pap tomadas,2016-02-01,0,4,2,2,1,9
ESCARA,"anticoncepcion, prevencion de its y de cancer de cuello uterino",numero de mujeres con muestras de pap tomadas,2016-02-01,0,1,9,3,0,13
ESCOMA,"anticoncepcion, prevencion de its y de cancer de cuello uterino",numero de mujeres con muestras de pap tomadas,2016-02-01,0,0,0,0,1,1
EUCALIPTUS,"anticoncepcion, prevencion de its y de cancer de cuello uterino",numero de mujeres con muestras de pap tomadas,2016-02-01,0,1,0,0,0,1
FERNANDEZ ALONSO,"anticoncepcion, prevencion de its y de cancer de cuello uterino",numero de mujeres con muestras de pap tomadas,2016-02-01,0,2,8,3,0,13
FILADELFIA,"anticoncepcion, prevencion de its y de cancer de cuello uterino",numero de mujeres con muestras de pap tomadas,2016-02-01,0,4,18,10,3,35
GENERAL SAAVEDRA,"anticoncepcion, prevencion de its y de cancer de cuello uterino",numero de mujeres con muestras de pap tomadas,2016-02-01,0,0,4,4,1,9
GRAL. J.J. PEREZ (CHARAZANI),"anticoncepcion, prevencion de its y de cancer de cuello uterino",numero de mujeres con muestras de pap tomadas,2016-02-01,0,0,4,0,1,5
GUANAY,"anticoncepcion, prevencion de its y de cancer de cuello uterino",numero de mujeres con muestras de pap tomadas,2016-02-01,0,1,1,2,0,4
GUAQUI,"anticoncepcion, prevencion de its y de cancer de cuello uterino",numero de mujeres con muestras de pap tomadas,2016-02-01,1,7,15,12,0,35
GUAYARAMERIN,"anticoncepcion, prevencion de its y de cancer de cuello uterino",numero de mujeres con muestras de pap tomadas,2016-02-01,2,10,49,33,15,109
GUTIERREZ,"anticoncepcion, prevencion de its y de cancer de cuello uterino",numero de mujeres con muestras de pap tomadas,2016-02-01,0,1,11,0,0,12
HUACARETA,"anticoncepcion, prevencion de its y de cancer de cuello uterino",numero de mujeres con muestras de pap tomadas,2016-02-01,0,5,18,10,4,37
HUANUNI,"anticoncepcion, prevencion de its y de cancer de cuello uterino",numero de mujeres con muestras de pap tomadas,2016-02-01,0,0,14,12,4,30
HUARINA,"anticoncepcion, prevencion de its y de cancer de cuello uterino",numero de mujeres con muestras de pap tomadas,2016-02-01,0,1,2,1,1,5
HUATAJATA,"anticoncepcion, prevencion de its y de cancer de cuello uterino",numero de mujeres con muestras de pap tomadas,2016-02-01,0,0,3,0,0,3
ICHOCA,"anticoncepcion, prevencion de its y de cancer de cuello uterino",numero de mujeres con muestras de pap tomadas,2016-02-01,1,1,6,5,3,16
ICLA,"anticoncepcion, prevencion de its y de cancer de cuello uterino",numero de mujeres con muestras de pap tomadas,2016-02-01,0,0,9,22,13,44
INCAHUASI,"anticoncepcion, prevencion de its y de cancer de cuello uterino",numero de mujeres con muestras de pap tomadas,2016-02-01,0,2,16,9,0,27
INQUISIVI,"anticoncepcion, prevencion de its y de cancer de cuello uterino",numero de mujeres con muestras de pap tomadas,2016-02-01,0,4,9,6,2,21
IRUPANA (VILLA DE LANZA),"anticoncepcion, prevencion de its y de cancer de cuello uterino",numero de mujeres con muestras de pap tomadas,2016-02-01,0,4,11,9,3,27
IXIAMAS,"anticoncepcion, prevencion de its y de cancer de cuello uterino",numero de mujeres con muestras de pap tomadas,2016-02-01,0,0,1,0,0,1
JESUS DE MACHACA,"anticoncepcion, prevencion de its y de cancer de cuello uterino",numero de mujeres con muestras de pap tomadas,2016-02-01,0,2,9,13,6,30
LA ASUNTA,"anticoncepcion, prevencion de its y de cancer de cuello uterino",numero de mujeres con muestras de pap tomadas,2016-02-01,0,3,13,3,2,21
LA GUARDIA,"anticoncepcion, prevencion de its y de cancer de cuello uterino",numero de mujeres con muestras de pap tomadas,2016-02-01,2,43,180,78,16,319
LA PAZ,"anticoncepcion, prevencion de its y de cancer de cuello uterino",numero de mujeres con muestras de pap tomadas,2016-02-01,3,97,1462,1167,516,3245
LAJA,"anticoncepcion, prevencion de its y de cancer de cuello uterino",numero de mujeres con muestras de pap tomadas,2016-02-01,0,3,4,10,8,25
LLALLAGUA,"anticoncepcion, prevencion de its y de cancer de cuello uterino",numero de mujeres con muestras de pap tomadas,2016-02-01,0,0,11,2,3,16
LURIBAY,"anticoncepcion, prevencion de its y de cancer de cuello uterino",numero de mujeres con muestras de pap tomadas,2016-02-01,0,0,3,7,0,10
MACHACAMARCA,"anticoncepcion, prevencion de its y de cancer de cuello uterino",numero de mujeres con muestras de pap tomadas,2016-02-01,0,0,4,4,1,9
MACHARETI,"anticoncepcion, prevencion de its y de cancer de cuello uterino",numero de mujeres con muestras de pap tomadas,2016-02-01,0,7,22,13,2,44
MAIRANA,"anticoncepcion, prevencion de its y de cancer de cuello uterino",numero de mujeres con muestras de pap tomadas,2016-02-01,0,0,6,1,2,9
MAPIRI,"anticoncepcion, prevencion de its y de cancer de cuello uterino",numero de mujeres con muestras de pap tomadas,2016-02-01,0,4,14,9,0,27
MECAPACA,"anticoncepcion, prevencion de its y de cancer de cuello uterino",numero de mujeres con muestras de pap tomadas,2016-02-01,0,3,33,6,1,43
MINEROS,"anticoncepcion, prevencion de its y de cancer de cuello uterino",numero de mujeres con muestras de pap tomadas,2016-02-01,0,8,63,17,5,93
MIZQUE,"anticoncepcion, prevencion de its y de cancer de cuello uterino",numero de mujeres con muestras de pap tomadas,2016-02-01,0,12,39,17,5,73
MOCOMOCO,"anticoncepcion, prevencion de its y de cancer de cuello uterino",numero de mujeres con muestras de pap tomadas,2016-02-01,0,5,10,11,5,31
MOJOCOYA,"anticoncepcion, prevencion de its y de cancer de cuello uterino",numero de mujeres con muestras de pap tomadas,2016-02-01,0,5,16,6,1,28
MONTEAGUDO,"anticoncepcion, prevencion de its y de cancer de cuello uterino",numero de mujeres con muestras de pap tomadas,2016-02-01,0,7,45,58,29,139
MONTERO,"anticoncepcion, prevencion de its y de cancer de cuello uterino",numero de mujeres con muestras de pap tomadas,2016-02-01,0,14,124,63,19,220
MORO MORO,"anticoncepcion, prevencion de its y de cancer de cuello uterino",numero de mujeres con muestras de pap tomadas,2016-02-01,0,2,5,4,0,11
OCURI,"anticoncepcion, prevencion de its y de cancer de cuello uterino",numero de mujeres con muestras de pap tomadas,2016-02-01,0,2,10,3,0,15
OKINAWA,"anticoncepcion, prevencion de its y de cancer de cuello uterino",numero de mujeres con muestras de pap tomadas,2016-02-01,0,0,10,3,2,15
OMEREQUE,"anticoncepcion, prevencion de its y de cancer de cuello uterino",numero de mujeres con muestras de pap tomadas,2016-02-01,0,0,1,1,0,2
ORURO,"anticoncepcion, prevencion de its y de cancer de cuello uterino",numero de mujeres con muestras de pap tomadas,2016-02-01,12,31,340,190,83,656
PADCAYA,"anticoncepcion, prevencion de its y de cancer de cuello uterino",numero de mujeres con muestras de pap tomadas,2016-02-01,0,5,25,10,4,44
PADILLA,"anticoncepcion, prevencion de its y de cancer de cuello uterino",numero de mujeres con muestras de pap tomadas,2016-02-01,0,1,16,8,7,32
PAILON,"anticoncepcion, prevencion de its y de cancer de cuello uterino",numero de mujeres con muestras de pap tomadas,2016-02-01,0,7,24,12,6,49
PALCA,"anticoncepcion, prevencion de its y de cancer de cuello uterino",numero de mujeres con muestras de pap tomadas,2016-02-01,0,0,18,9,3,30
PALOS BLANCOS,"anticoncepcion, prevencion de its y de cancer de cuello uterino",numero de mujeres con muestras de pap tomadas,2016-02-01,0,21,87,40,14,162
PAMPA AULLAGAS,"anticoncepcion, prevencion de its y de cancer de cuello uterino",numero de mujeres con muestras de pap tomadas,2016-02-01,0,0,4,3,0,7
PAMPA GRANDE,"anticoncepcion, prevencion de its y de cancer de cuello uterino",numero de mujeres con muestras de pap tomadas,2016-02-01,0,1,4,3,3,11
PAPEL PAMPA,"anticoncepcion, prevencion de its y de cancer de cuello uterino",numero de mujeres con muestras de pap tomadas,2016-02-01,0,1,8,3,2,14
PASORAPA,"anticoncepcion, prevencion de its y de cancer de cuello uterino",numero de mujeres con muestras de pap tomadas,2016-02-01,0,0,0,2,2,4
PATACAMAYA,"anticoncepcion, prevencion de its y de cancer de cuello uterino",numero de mujeres con muestras de pap tomadas,2016-02-01,0,1,7,3,1,12
PAZÑA,"anticoncepcion, prevencion de its y de cancer de cuello uterino",numero de mujeres con muestras de pap tomadas,2016-02-01,0,0,2,1,0,3
PELECHUCO,"anticoncepcion, prevencion de its y de cancer de cuello uterino",numero de mujeres con muestras de pap tomadas,2016-02-01,0,0,1,1,0,2
POCOATA,"anticoncepcion, prevencion de its y de cancer de cuello uterino",numero de mujeres con muestras de pap tomadas,2016-02-01,0,1,1,6,0,8
POCONA,"anticoncepcion, prevencion de its y de cancer de cuello uterino",numero de mujeres con muestras de pap tomadas,2016-02-01,0,3,9,1,2,15
POJO (CBBA),"anticoncepcion, prevencion de its y de cancer de cuello uterino",numero de mujeres con muestras de pap tomadas,2016-02-01,0,1,3,2,0,6
POROMA,"anticoncepcion, prevencion de its y de cancer de cuello uterino",numero de mujeres con muestras de pap tomadas,2016-02-01,0,7,31,28,3,69
PORONGO,"anticoncepcion, prevencion de its y de cancer de cuello uterino",numero de mujeres con muestras de pap tomadas,2016-02-01,1,3,8,2,0,14
PORTACHUELO,"anticoncepcion, prevencion de its y de cancer de cuello uterino",numero de mujeres con muestras de pap tomadas,2016-02-01,0,1,30,12,6,49
PORVENIR,"anticoncepcion, prevencion de its y de cancer de cuello uterino",numero de mujeres con muestras de pap tomadas,2016-02-01,0,0,0,1,0,1
POSTRER VALLE,"anticoncepcion, prevencion de its y de cancer de cuello uterino",numero de mujeres con muestras de pap tomadas,2016-02-01,0,0,1,2,0,3
POTOSI,"anticoncepcion, prevencion de its y de cancer de cuello uterino",numero de mujeres con muestras de pap tomadas,2016-02-01,0,22,283,172,30,507
PRESTO,"anticoncepcion, prevencion de its y de cancer de cuello uterino",numero de mujeres con muestras de pap tomadas,2016-02-01,0,3,21,20,4,48
PUCARA,"anticoncepcion, prevencion de its y de cancer de cuello uterino",numero de mujeres con muestras de pap tomadas,2016-02-01,0,1,5,2,0,8
PUCARANI,"anticoncepcion, prevencion de its y de cancer de cuello uterino",numero de mujeres con muestras de pap tomadas,2016-02-01,0,12,36,20,3,71
PUERTO ACOSTA,"anticoncepcion, prevencion de its y de cancer de cuello uterino",numero de mujeres con muestras de pap tomadas,2016-02-01,0,2,1,0,1,4
PUERTO CARABUCO,"anticoncepcion, prevencion de its y de cancer de cuello uterino",numero de mujeres con muestras de pap tomadas,2016-02-01,0,0,8,0,0,8
PUERTO GONZALO MORENO,"anticoncepcion, prevencion de its y de cancer de cuello uterino",numero de mujeres con muestras de pap tomadas,2016-02-01,0,1,4,0,0,5
PUERTO PEREZ,"anticoncepcion, prevencion de its y de cancer de cuello uterino",numero de mujeres con muestras de pap tomadas,2016-02-01,0,2,1,3,1,7
PUERTO QUIJARRO,"anticoncepcion, prevencion de its y de cancer de cuello uterino",numero de mujeres con muestras de pap tomadas,2016-02-01,0,1,12,20,6,39
PUERTO RICO,"anticoncepcion, prevencion de its y de cancer de cuello uterino",numero de mujeres con muestras de pap tomadas,2016-02-01,0,4,7,0,0,11
PUERTO SUAREZ,"anticoncepcion, prevencion de its y de cancer de cuello uterino",numero de mujeres con muestras de pap tomadas,2016-02-01,0,0,4,1,0,5
PUERTO VILLARROEL,"anticoncepcion, prevencion de its y de cancer de cuello uterino",numero de mujeres con muestras de pap tomadas,2016-02-01,1,9,56,35,7,108
PUNA,"anticoncepcion, prevencion de its y de cancer de cuello uterino",numero de mujeres con muestras de pap tomadas,2016-02-01,0,5,10,15,8,38
PUNATA,"anticoncepcion, prevencion de its y de cancer de cuello uterino",numero de mujeres con muestras de pap tomadas,2016-02-01,0,10,47,24,11,92
QUIABAYA,"anticoncepcion, prevencion de its y de cancer de cuello uterino",numero de mujeres con muestras de pap tomadas,2016-02-01,0,0,1,1,0,2
QUILLACOLLO,"anticoncepcion, prevencion de its y de cancer de cuello uterino",numero de mujeres con muestras de pap tomadas,2016-02-01,0,102,153,99,40,394
QUIME,"anticoncepcion, prevencion de its y de cancer de cuello uterino",numero de mujeres con muestras de pap tomadas,2016-02-01,0,0,7,3,3,13
QUIRUSILLAS,"anticoncepcion, prevencion de its y de cancer de cuello uterino",numero de mujeres con muestras de pap tomadas,2016-02-01,0,0,4,3,1,8
RAVELO,"anticoncepcion, prevencion de its y de cancer de cuello uterino",numero de mujeres con muestras de pap tomadas,2016-02-01,0,0,1,2,2,5
REYES,"anticoncepcion, prevencion de its y de cancer de cuello uterino",numero de mujeres con muestras de pap tomadas,2016-02-01,0,1,1,0,0,2
RIBERALTA,"anticoncepcion, prevencion de its y de cancer de cuello uterino",numero de mujeres con muestras de pap tomadas,2016-02-01,9,50,252,60,20,391
RURRENABAQUE,"anticoncepcion, prevencion de its y de cancer de cuello uterino",numero de mujeres con muestras de pap tomadas,2016-02-01,0,0,15,3,3,21
SABAYA,"anticoncepcion, prevencion de its y de cancer de cuello uterino",numero de mujeres con muestras de pap tomadas,2016-02-01,0,1,0,1,1,3
SACABA,"anticoncepcion, prevencion de its y de cancer de cuello uterino",numero de mujeres con muestras de pap tomadas,2016-02-01,0,44,200,71,40,355
SACABAMBA,"anticoncepcion, prevencion de its y de cancer de cuello uterino",numero de mujeres con muestras de pap tomadas,2016-02-01,0,0,0,2,0,2
SACACA,"anticoncepcion, prevencion de its y de cancer de cuello uterino",numero de mujeres con muestras de pap tomadas,2016-02-01,0,3,19,6,1,29
SAIPINA,"anticoncepcion, prevencion de its y de cancer de cuello uterino",numero de mujeres con muestras de pap tomadas,2016-02-01,0,0,5,0,0,5
SALINAS DE GARCI MENDOZA,"anticoncepcion, prevencion de its y de cancer de cuello uterino",numero de mujeres con muestras de pap tomadas,2016-02-01,1,2,10,0,2,15
SAMAIPATA,"anticoncepcion, prevencion de its y de cancer de cuello uterino",numero de mujeres con muestras de pap tomadas,2016-02-01,0,2,10,2,0,14
SAN AGUSTIN,"anticoncepcion, prevencion de its y de cancer de cuello uterino",numero de mujeres con muestras de pap tomadas,2016-02-01,0,0,1,0,0,1
SAN ANDRES,"anticoncepcion, prevencion de its y de cancer de cuello uterino",numero de mujeres con muestras de pap tomadas,2016-02-01,1,4,13,4,1,23
SAN ANDRES DE MACHACA,"anticoncepcion, prevencion de its y de cancer de cuello uterino",numero de mujeres con muestras de pap tomadas,2016-02-01,0,0,3,0,0,3
SAN ANTONIO DE LOMERIO,"anticoncepcion, prevencion de its y de cancer de cuello uterino",numero de mujeres con muestras de pap tomadas,2016-02-01,1,2,2,2,0,7
SAN BENITO,"anticoncepcion, prevencion de its y de cancer de cuello uterino",numero de mujeres con muestras de pap tomadas,2016-02-01,0,0,1,1,1,3
SAN BUENA VENTURA,"anticoncepcion, prevencion de its y de cancer de cuello uterino",numero de mujeres con muestras de pap tomadas,2016-02-01,0,0,3,4,1,8
SAN CARLOS,"anticoncepcion, prevencion de its y de cancer de cuello uterino",numero de mujeres con muestras de pap tomadas,2016-02-01,0,10,20,9,2,41
SAN IGNACIO,"anticoncepcion, prevencion de its y de cancer de cuello uterino",numero de mujeres con muestras de pap tomadas,2016-02-01,0,0,3,2,0,5
SAN IGNACIO DE VELASCO,"anticoncepcion, prevencion de its y de cancer de cuello uterino",numero de mujeres con muestras de pap tomadas,2016-02-01,0,7,31,13,3,54
SAN JAVIER(STC),"anticoncepcion, prevencion de its y de cancer de cuello uterino",numero de mujeres con muestras de pap tomadas,2016-02-01,0,3,7,5,0,15
SAN JOSE DE CHIQUITOS,"anticoncepcion, prevencion de its y de cancer de cuello uterino",numero de mujeres con muestras de pap tomadas,2016-02-01,0,2,8,4,0,14
SAN JUAN DE YAPACANI,"anticoncepcion, prevencion de its y de cancer de cuello uterino",numero de mujeres con muestras de pap tomadas,2016-02-01,8,9,26,28,10,81
SAN JULIAN,"anticoncepcion, prevencion de its y de cancer de cuello uterino",numero de mujeres con muestras de pap tomadas,2016-02-01,0,12,57,34,6,109
SAN LORENZO(PND),"anticoncepcion, prevencion de its y de cancer de cuello uterino",numero de mujeres con muestras de pap tomadas,2016-02-01,0,2,4,0,0,6
SAN LORENZO(TJA),"anticoncepcion, prevencion de its y de cancer de cuello uterino",numero de mujeres con muestras de pap tomadas,2016-02-01,0,1,7,8,0,16
SAN LUCAS,"anticoncepcion, prevencion de its y de cancer de cuello uterino",numero de mujeres con muestras de pap tomadas,2016-02-01,0,6,27,20,5,58
SAN MATIAS,"anticoncepcion, prevencion de its y de cancer de cuello uterino",numero de mujeres con muestras de pap tomadas,2016-02-01,0,1,0,0,0,1
SAN MIGUEL DE VELASCO,"anticoncepcion, prevencion de its y de cancer de cuello uterino",numero de mujeres con muestras de pap tomadas,2016-02-01,0,0,9,7,2,18
SAN PEDRO,"anticoncepcion, prevencion de its y de cancer de cuello uterino",numero de mujeres con muestras de pap tomadas,2016-02-01,0,1,14,7,6,28
SAN PEDRO DE BUENA VISTA,"anticoncepcion, prevencion de its y de cancer de cuello uterino",numero de mujeres con muestras de pap tomadas,2016-02-01,0,3,7,10,0,20
SAN PEDRO DE CURAHUARA,"anticoncepcion, prevencion de its y de cancer de cuello uterino",numero de mujeres con muestras de pap tomadas,2016-02-01,0,0,0,1,0,1
SAN PEDRO DE TIQUINA,"anticoncepcion, prevencion de its y de cancer de cuello uterino",numero de mujeres con muestras de pap tomadas,2016-02-01,0,0,1,1,0,2
SAN RAFAEL,"anticoncepcion, prevencion de its y de cancer de cuello uterino",numero de mujeres con muestras de pap tomadas,2016-02-01,0,2,21,8,1,32
SAN RAMON BENI,"anticoncepcion, prevencion de its y de cancer de cuello uterino",numero de mujeres con muestras de pap tomadas,2016-02-01,0,0,3,0,1,4
SAN RAMON SCZ,"anticoncepcion, prevencion de its y de cancer de cuello uterino",numero de mujeres con muestras de pap tomadas,2016-02-01,0,3,10,14,2,29
SANTA ANA,"anticoncepcion, prevencion de its y de cancer de cuello uterino",numero de mujeres con muestras de pap tomadas,2016-02-01,0,1,6,4,1,12
SANTA CRUZ DE LA SIERRA,"anticoncepcion, prevencion de its y de cancer de cuello uterino",numero de mujeres con muestras de pap tomadas,2016-02-01,6,336,2434,1629,488,4893
SANTA ROSA DEL SARA,"anticoncepcion, prevencion de its y de cancer de cuello uterino",numero de mujeres con muestras de pap tomadas,2016-02-01,0,5,65,30,7,107
SANTIAGO DE CALLAPA,"anticoncepcion, prevencion de its y de cancer de cuello uterino",numero de mujeres con muestras de pap tomadas,2016-02-01,0,0,0,6,3,9
SANTIAGO DE HUARI,"anticoncepcion, prevencion de its y de cancer de cuello uterino",numero de mujeres con muestras de pap tomadas,2016-02-01,0,0,3,0,0,3
SANTIAGO DE HUATA,"anticoncepcion, prevencion de its y de cancer de cuello uterino",numero de mujeres con muestras de pap tomadas,2016-02-01,0,0,2,2,0,4
SANTIAGO DE MACHACA,"anticoncepcion, prevencion de its y de cancer de cuello uterino",numero de mujeres con muestras de pap tomadas,2016-02-01,0,0,2,0,0,2
SANTIVAÑES,"anticoncepcion, prevencion de its y de cancer de cuello uterino",numero de mujeres con muestras de pap tomadas,2016-02-01,0,1,1,1,0,3
SANTUARIO DE QUILLACAS,"anticoncepcion, prevencion de its y de cancer de cuello uterino",numero de mujeres con muestras de pap tomadas,2016-02-01,0,0,0,3,1,4
SAPAHAQUI,"anticoncepcion, prevencion de its y de cancer de cuello uterino",numero de mujeres con muestras de pap tomadas,2016-02-01,0,3,5,1,1,10
SENA,"anticoncepcion, prevencion de its y de cancer de cuello uterino",numero de mujeres con muestras de pap tomadas,2016-02-01,0,4,4,1,0,9
SHINAOTA,"anticoncepcion, prevencion de its y de cancer de cuello uterino",numero de mujeres con muestras de pap tomadas,2016-02-01,0,8,19,1,1,29
SICA SICA (VILLA AROMA),"anticoncepcion, prevencion de its y de cancer de cuello uterino",numero de mujeres con muestras de pap tomadas,2016-02-01,0,4,17,7,3,31
SICAYA,"anticoncepcion, prevencion de its y de cancer de cuello uterino",numero de mujeres con muestras de pap tomadas,2016-02-01,0,2,8,5,0,15
SIPE SIPE,"anticoncepcion, prevencion de its y de cancer de cuello uterino",numero de mujeres con muestras de pap tomadas,2016-02-01,0,2,21,12,4,39
SOPACHUY,"anticoncepcion, prevencion de its y de cancer de cuello uterino",numero de mujeres con muestras de pap tomadas,2016-02-01,0,10,33,32,10,85
SORACACHI,"anticoncepcion, prevencion de its y de cancer de cuello uterino",numero de mujeres con muestras de pap tomadas,2016-02-01,0,0,0,1,0,1
SORATA,"anticoncepcion, prevencion de its y de cancer de cuello uterino",numero de mujeres con muestras de pap tomadas,2016-02-01,0,1,11,4,0,16
SUCRE,"anticoncepcion, prevencion de its y de cancer de cuello uterino",numero de mujeres con muestras de pap tomadas,2016-02-01,1,171,1008,668,217,2065
TACACOMA,"anticoncepcion, prevencion de its y de cancer de cuello uterino",numero de mujeres con muestras de pap tomadas,2016-02-01,0,0,2,0,0,2
TACOBAMBA,"anticoncepcion, prevencion de its y de cancer de cuello uterino",numero de mujeres con muestras de pap tomadas,2016-02-01,0,2,19,16,5,42
TACOPAYA,"anticoncepcion, prevencion de its y de cancer de cuello uterino",numero de mujeres con muestras de pap tomadas,2016-02-01,0,0,2,3,0,5
TAPACARI,"anticoncepcion, prevencion de its y de cancer de cuello uterino",numero de mujeres con muestras de pap tomadas,2016-02-01,0,3,16,7,0,26
TARABUCO,"anticoncepcion, prevencion de its y de cancer de cuello uterino",numero de mujeres con muestras de pap tomadas,2016-02-01,0,5,21,28,7,61
TARACO,"anticoncepcion, prevencion de its y de cancer de cuello uterino",numero de mujeres con muestras de pap tomadas,2016-02-01,1,0,1,1,1,4
TARATA,"anticoncepcion, prevencion de its y de cancer de cuello uterino",numero de mujeres con muestras de pap tomadas,2016-02-01,0,0,7,1,1,9
TARIJA,"anticoncepcion, prevencion de its y de cancer de cuello uterino",numero de mujeres con muestras de pap tomadas,2016-02-01,1,33,341,236,96,707
TARVITA,"anticoncepcion, prevencion de its y de cancer de cuello uterino",numero de mujeres con muestras de pap tomadas,2016-02-01,1,13,26,45,3,88
TEOPONTE,"anticoncepcion, prevencion de its y de cancer de cuello uterino",numero de mujeres con muestras de pap tomadas,2016-02-01,0,2,17,1,0,20
TIAWANACU,"anticoncepcion, prevencion de its y de cancer de cuello uterino",numero de mujeres con muestras de pap tomadas,2016-02-01,0,4,10,10,2,26
TINGUIPAYA,"anticoncepcion, prevencion de its y de cancer de cuello uterino",numero de mujeres con muestras de pap tomadas,2016-02-01,0,0,4,6,4,14
TIPUANI,"anticoncepcion, prevencion de its y de cancer de cuello uterino",numero de mujeres con muestras de pap tomadas,2016-02-01,0,1,1,7,0,9
TIQUIPAYA,"anticoncepcion, prevencion de its y de cancer de cuello uterino",numero de mujeres con muestras de pap tomadas,2016-02-01,0,26,107,37,8,178
TIRAQUE (CBBA),"anticoncepcion, prevencion de its y de cancer de cuello uterino",numero de mujeres con muestras de pap tomadas,2016-02-01,0,0,9,3,0,12
TITO YUPANQUI (PARQUIPUJIO),"anticoncepcion, prevencion de its y de cancer de cuello uterino",numero de mujeres con muestras de pap tomadas,2016-02-01,0,0,1,1,0,2
TOCO,"anticoncepcion, prevencion de its y de cancer de cuello uterino",numero de mujeres con muestras de pap tomadas,2016-02-01,0,5,16,4,4,29
TOLATA,"anticoncepcion, prevencion de its y de cancer de cuello uterino",numero de mujeres con muestras de pap tomadas,2016-02-01,0,0,6,3,1,10
TOLEDO,"anticoncepcion, prevencion de its y de cancer de cuello uterino",numero de mujeres con muestras de pap tomadas,2016-02-01,0,0,2,0,0,2
TOMAVE,"anticoncepcion, prevencion de its y de cancer de cuello uterino",numero de mujeres con muestras de pap tomadas,2016-02-01,0,1,2,1,1,5
TOMINA,"anticoncepcion, prevencion de its y de cancer de cuello uterino",numero de mujeres con muestras de pap tomadas,2016-02-01,0,10,29,27,8,74
TORO TORO,"anticoncepcion, prevencion de its y de cancer de cuello uterino",numero de mujeres con muestras de pap tomadas,2016-02-01,1,19,34,18,4,76
TOTORA(CBBA),"anticoncepcion, prevencion de its y de cancer de cuello uterino",numero de mujeres con muestras de pap tomadas,2016-02-01,0,2,12,9,1,24
TOTORA(ORR),"anticoncepcion, prevencion de its y de cancer de cuello uterino",numero de mujeres con muestras de pap tomadas,2016-02-01,0,2,5,10,7,24
TRIGAL,"anticoncepcion, prevencion de its y de cancer de cuello uterino",numero de mujeres con muestras de pap tomadas,2016-02-01,0,1,1,1,0,3
TRINIDAD,"anticoncepcion, prevencion de its y de cancer de cuello uterino",numero de mujeres con muestras de pap tomadas,2016-02-01,1,29,233,81,38,382
TUPIZA,"anticoncepcion, prevencion de its y de cancer de cuello uterino",numero de mujeres con muestras de pap tomadas,2016-02-01,0,7,78,40,22,147
TURCO,"anticoncepcion, prevencion de its y de cancer de cuello uterino",numero de mujeres con muestras de pap tomadas,2016-02-01,0,0,0,2,0,2
UMALA,"anticoncepcion, prevencion de its y de cancer de cuello uterino",numero de mujeres con muestras de pap tomadas,2016-02-01,0,0,7,4,1,12
UNCIA,"anticoncepcion, prevencion de its y de cancer de cuello uterino",numero de mujeres con muestras de pap tomadas,2016-02-01,0,1,9,1,0,11
URIONDO (A. CONCEPCION),"anticoncepcion, prevencion de its y de cancer de cuello uterino",numero de mujeres con muestras de pap tomadas,2016-02-01,0,0,6,6,0,12
URUBICHA,"anticoncepcion, prevencion de its y de cancer de cuello uterino",numero de mujeres con muestras de pap tomadas,2016-02-01,0,5,13,3,0,21
UYUNI,"anticoncepcion, prevencion de its y de cancer de cuello uterino",numero de mujeres con muestras de pap tomadas,2016-02-01,0,0,3,5,4,12
VACAS,"anticoncepcion, prevencion de its y de cancer de cuello uterino",numero de mujeres con muestras de pap tomadas,2016-02-01,0,0,3,1,0,4
VALLEGRANDE,"anticoncepcion, prevencion de its y de cancer de cuello uterino",numero de mujeres con muestras de pap tomadas,2016-02-01,2,17,51,26,15,111
VIACHA,"anticoncepcion, prevencion de its y de cancer de cuello uterino",numero de mujeres con muestras de pap tomadas,2016-02-01,0,4,60,39,19,122
VILLA CHARCAS,"anticoncepcion, prevencion de its y de cancer de cuello uterino",numero de mujeres con muestras de pap tomadas,2016-02-01,0,7,66,31,3,107
VILLA MONTES,"anticoncepcion, prevencion de its y de cancer de cuello uterino",numero de mujeres con muestras de pap tomadas,2016-02-01,1,11,93,42,17,164
VILLA RIVERO,"anticoncepcion, prevencion de its y de cancer de cuello uterino",numero de mujeres con muestras de pap tomadas,2016-02-01,0,0,7,1,0,8
VILLA SERRANO,"anticoncepcion, prevencion de its y de cancer de cuello uterino",numero de mujeres con muestras de pap tomadas,2016-02-01,0,10,18,12,2,42
VILLA TUNARI,"anticoncepcion, prevencion de its y de cancer de cuello uterino",numero de mujeres con muestras de pap tomadas,2016-02-01,0,2,10,2,1,15
VILLA VACA GUZMAN (MUYUPAMPA),"anticoncepcion, prevencion de its y de cancer de cuello uterino",numero de mujeres con muestras de pap tomadas,2016-02-01,0,2,11,4,1,18
VILLAZON,"anticoncepcion, prevencion de its y de cancer de cuello uterino",numero de mujeres con muestras de pap tomadas,2016-02-01,0,2,24,21,6,53
VINTO,"anticoncepcion, prevencion de its y de cancer de cuello uterino",numero de mujeres con muestras de pap tomadas,2016-02-01,0,2,8,10,7,27
VITICHI,"anticoncepcion, prevencion de its y de cancer de cuello uterino",numero de mujeres con muestras de pap tomadas,2016-02-01,0,0,6,1,0,7
WALDO BALLIVIAN,"anticoncepcion, prevencion de its y de cancer de cuello uterino",numero de mujeres con muestras de pap tomadas,2016-02-01,0,0,0,2,0,2
WARNES,"anticoncepcion, prevencion de its y de cancer de cuello uterino",numero de mujeres con muestras de pap tomadas,2016-02-01,0,30,124,53,11,218
YACUIBA,"anticoncepcion, prevencion de its y de cancer de cuello uterino",numero de mujeres con muestras de pap tomadas,2016-02-01,0,18,86,86,26,216
YAMPARAEZ,"anticoncepcion, prevencion de its y de cancer de cuello uterino",numero de mujeres con muestras de pap tomadas,2016-02-01,0,4,13,7,1,25
YANACACHI,"anticoncepcion, prevencion de its y de cancer de cuello uterino",numero de mujeres con muestras de pap tomadas,2016-02-01,0,0,2,0,0,2
YAPACANI,"anticoncepcion, prevencion de its y de cancer de cuello uterino",numero de mujeres con muestras de pap tomadas,2016-02-01,1,21,38,25,5,90
YOCALLA,"anticoncepcion, prevencion de its y de cancer de cuello uterino",numero de mujeres con muestras de pap tomadas,2016-02-01,0,0,3,1,0,4
YOTALA,"anticoncepcion, prevencion de its y de cancer de cuello uterino",numero de mujeres con muestras de pap tomadas,2016-02-01,0,5,6,6,0,17
ZUDAÑEZ,"anticoncepcion, prevencion de its y de cancer de cuello uterino",numero de mujeres con muestras de pap tomadas,2016-02-01,0,2,32,14,3,51
ACACIO,"anticoncepcion, prevencion de its y de cancer de cuello uterino",numero de mujeres con muestras de pap tomadas,2016-03-01,0,2,3,4,1,10
ACHACACHI,"anticoncepcion, prevencion de its y de cancer de cuello uterino",numero de mujeres con muestras de pap tomadas,2016-03-01,0,4,35,19,12,70
ACHOCALLA,"anticoncepcion, prevencion de its y de cancer de cuello uterino",numero de mujeres con muestras de pap tomadas,2016-03-01,0,4,21,13,2,40
AIQUILE,"anticoncepcion, prevencion de its y de cancer de cuello uterino",numero de mujeres con muestras de pap tomadas,2016-03-01,0,5,45,44,23,117
ALCALA,"anticoncepcion, prevencion de its y de cancer de cuello uterino",numero de mujeres con muestras de pap tomadas,2016-03-01,0,1,9,15,8,33
ALTO BENI,"anticoncepcion, prevencion de its y de cancer de cuello uterino",numero de mujeres con muestras de pap tomadas,2016-03-01,0,3,39,23,24,89
ANCORAIMES,"anticoncepcion, prevencion de its y de cancer de cuello uterino",numero de mujeres con muestras de pap tomadas,2016-03-01,0,5,15,6,4,30
ANDAMARCA,"anticoncepcion, prevencion de its y de cancer de cuello uterino",numero de mujeres con muestras de pap tomadas,2016-03-01,0,0,1,1,3,5
ANZALDO,"anticoncepcion, prevencion de its y de cancer de cuello uterino",numero de mujeres con muestras de pap tomadas,2016-03-01,0,1,0,3,0,4
APOLO,"anticoncepcion, prevencion de its y de cancer de cuello uterino",numero de mujeres con muestras de pap tomadas,2016-03-01,0,1,22,20,7,50
ARAMPAMPA,"anticoncepcion, prevencion de its y de cancer de cuello uterino",numero de mujeres con muestras de pap tomadas,2016-03-01,0,0,5,2,0,7
ARANI,"anticoncepcion, prevencion de its y de cancer de cuello uterino",numero de mujeres con muestras de pap tomadas,2016-03-01,0,3,14,4,0,21
ARBIETO,"anticoncepcion, prevencion de its y de cancer de cuello uterino",numero de mujeres con muestras de pap tomadas,2016-03-01,1,11,81,24,3,120
ARQUE,"anticoncepcion, prevencion de its y de cancer de cuello uterino",numero de mujeres con muestras de pap tomadas,2016-03-01,0,0,7,0,0,7
ASCENCION DE GUARAYOS,"anticoncepcion, prevencion de its y de cancer de cuello uterino",numero de mujeres con muestras de pap tomadas,2016-03-01,0,12,78,28,9,127
ATOCHA,"anticoncepcion, prevencion de its y de cancer de cuello uterino",numero de mujeres con muestras de pap tomadas,2016-03-01,0,2,32,21,4,59
AUCAPATA,"anticoncepcion, prevencion de its y de cancer de cuello uterino",numero de mujeres con muestras de pap tomadas,2016-03-01,0,0,2,1,1,4
AYATA,"anticoncepcion, prevencion de its y de cancer de cuello uterino",numero de mujeres con muestras de pap tomadas,2016-03-01,0,2,2,11,2,17
AYO AYO,"anticoncepcion, prevencion de its y de cancer de cuello uterino",numero de mujeres con muestras de pap tomadas,2016-03-01,0,1,1,1,3,6
AYOPAYA (V. DE INDEPENDENCIA),"anticoncepcion, prevencion de its y de cancer de cuello uterino",numero de mujeres con muestras de pap tomadas,2016-03-01,0,7,22,25,4,58
AZURDUY,"anticoncepcion, prevencion de its y de cancer de cuello uterino",numero de mujeres con muestras de pap tomadas,2016-03-01,1,7,69,27,17,121
BATALLAS,"anticoncepcion, prevencion de its y de cancer de cuello uterino",numero de mujeres con muestras de pap tomadas,2016-03-01,0,3,4,3,1,11
BELEN DE ANDAMARCA,"anticoncepcion, prevencion de its y de cancer de cuello uterino",numero de mujeres con muestras de pap tomadas,2016-03-01,0,0,4,2,3,9
BELEN DE URMIRI,"anticoncepcion, prevencion de its y de cancer de cuello uterino",numero de mujeres con muestras de pap tomadas,2016-03-01,0,0,1,1,1,3
BELLA FLOR,"anticoncepcion, prevencion de its y de cancer de cuello uterino",numero de mujeres con muestras de pap tomadas,2016-03-01,0,0,0,2,0,2
BERMEJO,"anticoncepcion, prevencion de its y de cancer de cuello uterino",numero de mujeres con muestras de pap tomadas,2016-03-01,0,16,110,54,15,195
BETANZOS,"anticoncepcion, prevencion de its y de cancer de cuello uterino",numero de mujeres con muestras de pap tomadas,2016-03-01,0,13,73,77,13,176
BOLIVAR,"anticoncepcion, prevencion de its y de cancer de cuello uterino",numero de mujeres con muestras de pap tomadas,2016-03-01,0,0,0,0,1,1
BUENA VISTA,"anticoncepcion, prevencion de its y de cancer de cuello uterino",numero de mujeres con muestras de pap tomadas,2016-03-01,0,2,14,11,0,27
CABEZAS,"anticoncepcion, prevencion de its y de cancer de cuello uterino",numero de mujeres con muestras de pap tomadas,2016-03-01,0,12,30,18,3,63
CAIROMA,"anticoncepcion, prevencion de its y de cancer de cuello uterino",numero de mujeres con muestras de pap tomadas,2016-03-01,0,2,6,4,2,14
"CAIZA ""D""","anticoncepcion, prevencion de its y de cancer de cuello uterino",numero de mujeres con muestras de pap tomadas,2016-03-01,0,0,25,22,6,53
CAJUATA,"anticoncepcion, prevencion de its y de cancer de cuello uterino",numero de mujeres con muestras de pap tomadas,2016-03-01,0,2,3,1,0,6
CALACOTO,"anticoncepcion, prevencion de its y de cancer de cuello uterino",numero de mujeres con muestras de pap tomadas,2016-03-01,0,2,18,15,10,45
CALAMARCA,"anticoncepcion, prevencion de its y de cancer de cuello uterino",numero de mujeres con muestras de pap tomadas,2016-03-01,0,3,13,4,3,23
CAMARGO,"anticoncepcion, prevencion de its y de cancer de cuello uterino",numero de mujeres con muestras de pap tomadas,2016-03-01,0,7,56,36,25,124
CAMATAQUI (C. VILLA ABECIA),"anticoncepcion, prevencion de its y de cancer de cuello uterino",numero de mujeres con muestras de pap tomadas,2016-03-01,0,3,26,11,5,45
CAMIRI,"anticoncepcion, prevencion de its y de cancer de cuello uterino",numero de mujeres con muestras de pap tomadas,2016-03-01,0,6,51,34,8,99
CAPINOTA,"anticoncepcion, prevencion de its y de cancer de cuello uterino",numero de mujeres con muestras de pap tomadas,2016-03-01,2,18,51,27,4,102
CAQUIAVIRI,"anticoncepcion, prevencion de its y de cancer de cuello uterino",numero de mujeres con muestras de pap tomadas,2016-03-01,0,0,4,5,2,11
CARACOLLO,"anticoncepcion, prevencion de its y de cancer de cuello uterino",numero de mujeres con muestras de pap tomadas,2016-03-01,0,4,27,13,2,46
CARANAVI,"anticoncepcion, prevencion de its y de cancer de cuello uterino",numero de mujeres con muestras de pap tomadas,2016-03-01,1,13,105,56,19,194
CARANGAS,"anticoncepcion, prevencion de its y de cancer de cuello uterino",numero de mujeres con muestras de pap tomadas,2016-03-01,0,0,1,0,0,1
CARAPARI,"anticoncepcion, prevencion de its y de cancer de cuello uterino",numero de mujeres con muestras de pap tomadas,2016-03-01,0,0,4,1,0,5
CARIPUYO,"anticoncepcion, prevencion de its y de cancer de cuello uterino",numero de mujeres con muestras de pap tomadas,2016-03-01,0,2,15,5,1,23
CARMEN RIVERO TORREZ,"anticoncepcion, prevencion de its y de cancer de cuello uterino",numero de mujeres con muestras de pap tomadas,2016-03-01,0,1,1,2,0,4
CHALLAPATA,"anticoncepcion, prevencion de its y de cancer de cuello uterino",numero de mujeres con muestras de pap tomadas,2016-03-01,0,5,32,14,2,53
CHAQUI,"anticoncepcion, prevencion de its y de cancer de cuello uterino",numero de mujeres con muestras de pap tomadas,2016-03-01,0,2,21,16,4,43
CHARAGUA,"anticoncepcion, prevencion de its y de cancer de cuello uterino",numero de mujeres con muestras de pap tomadas,2016-03-01,0,4,13,4,3,24
CHAYANTA,"anticoncepcion, prevencion de its y de cancer de cuello uterino",numero de mujeres con muestras de pap tomadas,2016-03-01,0,1,2,4,0,7
CHIMORE,"anticoncepcion, prevencion de its y de cancer de cuello uterino",numero de mujeres con muestras de pap tomadas,2016-03-01,2,3,6,4,0,15
CHIPAYA,"anticoncepcion, prevencion de its y de cancer de cuello uterino",numero de mujeres con muestras de pap tomadas,2016-03-01,0,0,0,1,0,1
CHOQUE COTA,"anticoncepcion, prevencion de its y de cancer de cuello uterino",numero de mujeres con muestras de pap tomadas,2016-03-01,0,0,2,0,2,4
CHUA COCANI,"anticoncepcion, prevencion de its y de cancer de cuello uterino",numero de mujeres con muestras de pap tomadas,2016-03-01,1,1,1,0,3,6
CHULUMANI (V. DE LA LIBERTAD),"anticoncepcion, prevencion de its y de cancer de cuello uterino",numero de mujeres con muestras de pap tomadas,2016-03-01,0,2,31,5,0,38
CHUMA,"anticoncepcion, prevencion de its y de cancer de cuello uterino",numero de mujeres con muestras de pap tomadas,2016-03-01,0,2,6,4,3,15
CHUQUIHUTA AYLLU JUCUMANI,"anticoncepcion, prevencion de its y de cancer de cuello uterino",numero de mujeres con muestras de pap tomadas,2016-03-01,0,2,14,7,2,25
CKOCHAS,"anticoncepcion, prevencion de its y de cancer de cuello uterino",numero de mujeres con muestras de pap tomadas,2016-03-01,0,1,9,11,0,21
CLIZA,"anticoncepcion, prevencion de its y de cancer de cuello uterino",numero de mujeres con muestras de pap tomadas,2016-03-01,0,4,42,10,2,58
COBIJA,"anticoncepcion, prevencion de its y de cancer de cuello uterino",numero de mujeres con muestras de pap tomadas,2016-03-01,0,21,121,62,15,219
COCAPATA,"anticoncepcion, prevencion de its y de cancer de cuello uterino",numero de mujeres con muestras de pap tomadas,2016-03-01,0,2,1,0,0,3
COCHABAMBA,"anticoncepcion, prevencion de its y de cancer de cuello uterino",numero de mujeres con muestras de pap tomadas,2016-03-01,1,161,1644,1875,642,4323
COIPASA,"anticoncepcion, prevencion de its y de cancer de cuello uterino",numero de mujeres con muestras de pap tomadas,2016-03-01,0,0,0,0,1,1
COLCAPIRHUA,"anticoncepcion, prevencion de its y de cancer de cuello uterino",numero de mujeres con muestras de pap tomadas,2016-03-01,0,7,50,16,3,76
"COLCHA ""K""","anticoncepcion, prevencion de its y de cancer de cuello uterino",numero de mujeres con muestras de pap tomadas,2016-03-01,0,0,3,5,0,8
COLLANA,"anticoncepcion, prevencion de its y de cancer de cuello uterino",numero de mujeres con muestras de pap tomadas,2016-03-01,0,0,2,0,1,3
COLOMI,"anticoncepcion, prevencion de its y de cancer de cuello uterino",numero de mujeres con muestras de pap tomadas,2016-03-01,0,0,7,2,1,10
COLPA BELGICA,"anticoncepcion, prevencion de its y de cancer de cuello uterino",numero de mujeres con muestras de pap tomadas,2016-03-01,0,4,23,9,3,39
COLQUECHACA,"anticoncepcion, prevencion de its y de cancer de cuello uterino",numero de mujeres con muestras de pap tomadas,2016-03-01,1,9,50,35,13,108
COLQUENCHA,"anticoncepcion, prevencion de its y de cancer de cuello uterino",numero de mujeres con muestras de pap tomadas,2016-03-01,0,0,9,3,0,12
COLQUIRI,"anticoncepcion, prevencion de its y de cancer de cuello uterino",numero de mujeres con muestras de pap tomadas,2016-03-01,0,0,2,1,0,3
COMANCHE,"anticoncepcion, prevencion de its y de cancer de cuello uterino",numero de mujeres con muestras de pap tomadas,2016-03-01,0,1,1,0,0,2
COMARAPA,"anticoncepcion, prevencion de its y de cancer de cuello uterino",numero de mujeres con muestras de pap tomadas,2016-03-01,0,2,17,7,0,26
COMBAYA,"anticoncepcion, prevencion de its y de cancer de cuello uterino",numero de mujeres con muestras de pap tomadas,2016-03-01,0,3,6,8,2,19
CONCEPCION,"anticoncepcion, prevencion de its y de cancer de cuello uterino",numero de mujeres con muestras de pap tomadas,2016-03-01,0,7,16,12,0,35
COPACABANA,"anticoncepcion, prevencion de its y de cancer de cuello uterino",numero de mujeres con muestras de pap tomadas,2016-03-01,0,0,3,1,4,8
CORIPATA,"anticoncepcion, prevencion de its y de cancer de cuello uterino",numero de mujeres con muestras de pap tomadas,2016-03-01,0,1,1,6,0,8
CORO CORO,"anticoncepcion, prevencion de its y de cancer de cuello uterino",numero de mujeres con muestras de pap tomadas,2016-03-01,0,0,6,4,6,16
COROICO,"anticoncepcion, prevencion de its y de cancer de cuello uterino",numero de mujeres con muestras de pap tomadas,2016-03-01,0,3,30,14,5,52
CORQUE,"anticoncepcion, prevencion de its y de cancer de cuello uterino",numero de mujeres con muestras de pap tomadas,2016-03-01,0,1,7,4,2,14
COTAGAITA,"anticoncepcion, prevencion de its y de cancer de cuello uterino",numero de mujeres con muestras de pap tomadas,2016-03-01,0,2,31,38,12,83
COTOCA,"anticoncepcion, prevencion de its y de cancer de cuello uterino",numero de mujeres con muestras de pap tomadas,2016-03-01,0,23,104,45,16,188
CRUZ DE MACHACAMARCA,"anticoncepcion, prevencion de its y de cancer de cuello uterino",numero de mujeres con muestras de pap tomadas,2016-03-01,0,0,2,0,0,2
CUATRO CAÑADAS,"anticoncepcion, prevencion de its y de cancer de cuello uterino",numero de mujeres con muestras de pap tomadas,2016-03-01,0,6,27,7,7,47
CUCHUMUELA (V. G. VILLARROEL),"anticoncepcion, prevencion de its y de cancer de cuello uterino",numero de mujeres con muestras de pap tomadas,2016-03-01,0,0,3,0,0,3
CULPINA,"anticoncepcion, prevencion de its y de cancer de cuello uterino",numero de mujeres con muestras de pap tomadas,2016-03-01,1,5,60,36,12,114
CURAHUARA DE CARANGAS,"anticoncepcion, prevencion de its y de cancer de cuello uterino",numero de mujeres con muestras de pap tomadas,2016-03-01,0,3,8,5,2,18
CURVA,"anticoncepcion, prevencion de its y de cancer de cuello uterino",numero de mujeres con muestras de pap tomadas,2016-03-01,0,1,1,0,0,2
DESAGUADERO,"anticoncepcion, prevencion de its y de cancer de cuello uterino",numero de mujeres con muestras de pap tomadas,2016-03-01,0,0,4,1,1,6
EL ALTO,"anticoncepcion, prevencion de its y de cancer de cuello uterino",numero de mujeres con muestras de pap tomadas,2016-03-01,0,231,2470,1579,541,4821
EL CHORO,"anticoncepcion, prevencion de its y de cancer de cuello uterino",numero de mujeres con muestras de pap tomadas,2016-03-01,0,1,3,2,1,7
EL PUENTE(STC),"anticoncepcion, prevencion de its y de cancer de cuello uterino",numero de mujeres con muestras de pap tomadas,2016-03-01,0,0,5,5,0,10
EL PUENTE(TJA),"anticoncepcion, prevencion de its y de cancer de cuello uterino",numero de mujeres con muestras de pap tomadas,2016-03-01,0,6,6,7,0,19
EL TORNO,"anticoncepcion, prevencion de its y de cancer de cuello uterino",numero de mujeres con muestras de pap tomadas,2016-03-01,0,22,128,58,19,227
EL VILLAR,"anticoncepcion, prevencion de its y de cancer de cuello uterino",numero de mujeres con muestras de pap tomadas,2016-03-01,0,7,16,25,5,53
ENTRE RIOS TRJ,"anticoncepcion, prevencion de its y de cancer de cuello uterino",numero de mujeres con muestras de pap tomadas,2016-03-01,0,1,29,19,7,56
ENTRE RIOS CBBA,"anticoncepcion, prevencion de its y de cancer de cuello uterino",numero de mujeres con muestras de pap tomadas,2016-03-01,0,2,11,1,0,14
EUREKA (SANTOS MERCADO),"anticoncepcion, prevencion de its y de cancer de cuello uterino",numero de mujeres con muestras de pap tomadas,2016-03-01,0,0,3,1,0,4
FERNANDEZ ALONSO,"anticoncepcion, prevencion de its y de cancer de cuello uterino",numero de mujeres con muestras de pap tomadas,2016-03-01,0,0,19,12,3,34
FILADELFIA,"anticoncepcion, prevencion de its y de cancer de cuello uterino",numero de mujeres con muestras de pap tomadas,2016-03-01,0,1,3,0,0,4
GENERAL SAAVEDRA,"anticoncepcion, prevencion de its y de cancer de cuello uterino",numero de mujeres con muestras de pap tomadas,2016-03-01,0,5,27,15,1,48
GRAL. J.J. PEREZ (CHARAZANI),"anticoncepcion, prevencion de its y de cancer de cuello uterino",numero de mujeres con muestras de pap tomadas,2016-03-01,0,1,3,2,0,6
GUANAY,"anticoncepcion, prevencion de its y de cancer de cuello uterino",numero de mujeres con muestras de pap tomadas,2016-03-01,0,4,57,91,2,154
GUAQUI,"anticoncepcion, prevencion de its y de cancer de cuello uterino",numero de mujeres con muestras de pap tomadas,2016-03-01,0,4,19,5,3,31
GUAYARAMERIN,"anticoncepcion, prevencion de its y de cancer de cuello uterino",numero de mujeres con muestras de pap tomadas,2016-03-01,1,16,66,34,6,123
GUTIERREZ,"anticoncepcion, prevencion de its y de cancer de cuello uterino",numero de mujeres con muestras de pap tomadas,2016-03-01,0,3,18,9,0,30
HUACARETA,"anticoncepcion, prevencion de its y de cancer de cuello uterino",numero de mujeres con muestras de pap tomadas,2016-03-01,0,2,14,12,0,28
HUACAYA (VILLA DE HUACAYA),"anticoncepcion, prevencion de its y de cancer de cuello uterino",numero de mujeres con muestras de pap tomadas,2016-03-01,0,1,0,0,0,1
HUACHACALLA,"anticoncepcion, prevencion de its y de cancer de cuello uterino",numero de mujeres con muestras de pap tomadas,2016-03-01,0,1,3,3,2,9
HUANUNI,"anticoncepcion, prevencion de its y de cancer de cuello uterino",numero de mujeres con muestras de pap tomadas,2016-03-01,0,2,40,43,6,91
HUARINA,"anticoncepcion, prevencion de its y de cancer de cuello uterino",numero de mujeres con muestras de pap tomadas,2016-03-01,0,2,4,0,0,6
HUATAJATA,"anticoncepcion, prevencion de its y de cancer de cuello uterino",numero de mujeres con muestras de pap tomadas,2016-03-01,0,0,0,3,2,5
HUAYLLAMARCA,"anticoncepcion, prevencion de its y de cancer de cuello uterino",numero de mujeres con muestras de pap tomadas,2016-03-01,0,0,1,0,0,1
ICHOCA,"anticoncepcion, prevencion de its y de cancer de cuello uterino",numero de mujeres con muestras de pap tomadas,2016-03-01,0,4,13,9,5,31
ICLA,"anticoncepcion, prevencion de its y de cancer de cuello uterino",numero de mujeres con muestras de pap tomadas,2016-03-01,0,2,41,46,20,109
INCAHUASI,"anticoncepcion, prevencion de its y de cancer de cuello uterino",numero de mujeres con muestras de pap tomadas,2016-03-01,0,10,42,35,3,90
INQUISIVI,"anticoncepcion, prevencion de its y de cancer de cuello uterino",numero de mujeres con muestras de pap tomadas,2016-03-01,0,2,6,4,1,13
IRUPANA (VILLA DE LANZA),"anticoncepcion, prevencion de its y de cancer de cuello uterino",numero de mujeres con muestras de pap tomadas,2016-03-01,0,5,29,20,1,55
JESUS DE MACHACA,"anticoncepcion, prevencion de its y de cancer de cuello uterino",numero de mujeres con muestras de pap tomadas,2016-03-01,0,0,12,12,3,27
LA ASUNTA,"anticoncepcion, prevencion de its y de cancer de cuello uterino",numero de mujeres con muestras de pap tomadas,2016-03-01,1,3,22,8,4,38
LA GUARDIA,"anticoncepcion, prevencion de its y de cancer de cuello uterino",numero de mujeres con muestras de pap tomadas,2016-03-01,0,32,176,86,20,314
LA PAZ,"anticoncepcion, prevencion de its y de cancer de cuello uterino",numero de mujeres con muestras de pap tomadas,2016-03-01,7,164,2047,1458,754,4430
LAGUNILLAS,"anticoncepcion, prevencion de its y de cancer de cuello uterino",numero de mujeres con muestras de pap tomadas,2016-03-01,0,1,10,3,0,14
LAJA,"anticoncepcion, prevencion de its y de cancer de cuello uterino",numero de mujeres con muestras de pap tomadas,2016-03-01,0,1,11,11,4,27
LAS CARRERAS,"anticoncepcion, prevencion de its y de cancer de cuello uterino",numero de mujeres con muestras de pap tomadas,2016-03-01,0,1,13,11,1,26
LICOMA PAMPA,"anticoncepcion, prevencion de its y de cancer de cuello uterino",numero de mujeres con muestras de pap tomadas,2016-03-01,0,0,0,2,2,4
LLALLAGUA,"anticoncepcion, prevencion de its y de cancer de cuello uterino",numero de mujeres con muestras de pap tomadas,2016-03-01,0,1,10,9,0,20
LLICA,"anticoncepcion, prevencion de its y de cancer de cuello uterino",numero de mujeres con muestras de pap tomadas,2016-03-01,0,1,13,5,3,22
LURIBAY,"anticoncepcion, prevencion de its y de cancer de cuello uterino",numero de mujeres con muestras de pap tomadas,2016-03-01,0,1,18,9,6,34
MACHACAMARCA,"anticoncepcion, prevencion de its y de cancer de cuello uterino",numero de mujeres con muestras de pap tomadas,2016-03-01,0,0,3,0,1,4
MACHARETI,"anticoncepcion, prevencion de its y de cancer de cuello uterino",numero de mujeres con muestras de pap tomadas,2016-03-01,1,6,25,17,3,52
MAIRANA,"anticoncepcion, prevencion de its y de cancer de cuello uterino",numero de mujeres con muestras de pap tomadas,2016-03-01,0,1,8,8,0,17
MAPIRI,"anticoncepcion, prevencion de its y de cancer de cuello uterino",numero de mujeres con muestras de pap tomadas,2016-03-01,0,0,5,2,0,7
MECAPACA,"anticoncepcion, prevencion de its y de cancer de cuello uterino",numero de mujeres con muestras de pap tomadas,2016-03-01,0,3,11,6,5,25
MINEROS,"anticoncepcion, prevencion de its y de cancer de cuello uterino",numero de mujeres con muestras de pap tomadas,2016-03-01,0,5,60,24,10,99
MIZQUE,"anticoncepcion, prevencion de its y de cancer de cuello uterino",numero de mujeres con muestras de pap tomadas,2016-03-01,2,9,56,36,14,117
MOCOMOCO,"anticoncepcion, prevencion de its y de cancer de cuello uterino",numero de mujeres con muestras de pap tomadas,2016-03-01,0,4,8,17,8,37
MOJOCOYA,"anticoncepcion, prevencion de its y de cancer de cuello uterino",numero de mujeres con muestras de pap tomadas,2016-03-01,0,7,29,35,9,80
MONTEAGUDO,"anticoncepcion, prevencion de its y de cancer de cuello uterino",numero de mujeres con muestras de pap tomadas,2016-03-01,0,15,64,88,23,190
MONTERO,"anticoncepcion, prevencion de its y de cancer de cuello uterino",numero de mujeres con muestras de pap tomadas,2016-03-01,1,32,175,84,39,331
MORO MORO,"anticoncepcion, prevencion de its y de cancer de cuello uterino",numero de mujeres con muestras de pap tomadas,2016-03-01,0,1,2,2,0,5
MOROCHATA,"anticoncepcion, prevencion de its y de cancer de cuello uterino",numero de mujeres con muestras de pap tomadas,2016-03-01,0,0,1,1,0,2
NACEBE (SANTA ROSA DEL ABUNA),"anticoncepcion, prevencion de its y de cancer de cuello uterino",numero de mujeres con muestras de pap tomadas,2016-03-01,0,1,2,1,0,4
OCURI,"anticoncepcion, prevencion de its y de cancer de cuello uterino",numero de mujeres con muestras de pap tomadas,2016-03-01,0,3,13,11,3,30
OKINAWA,"anticoncepcion, prevencion de its y de cancer de cuello uterino",numero de mujeres con muestras de pap tomadas,2016-03-01,0,0,10,8,1,19
OMEREQUE,"anticoncepcion, prevencion de its y de cancer de cuello uterino",numero de mujeres con muestras de pap tomadas,2016-03-01,0,0,11,9,0,20
ORURO,"anticoncepcion, prevencion de its y de cancer de cuello uterino",numero de mujeres con muestras de pap tomadas,2016-03-01,0,33,498,302,136,969
PADCAYA,"anticoncepcion, prevencion de its y de cancer de cuello uterino",numero de mujeres con muestras de pap tomadas,2016-03-01,0,7,29,29,13,78
PADILLA,"anticoncepcion, prevencion de its y de cancer de cuello uterino",numero de mujeres con muestras de pap tomadas,2016-03-01,0,2,44,37,8,91
PAILON,"anticoncepcion, prevencion de its y de cancer de cuello uterino",numero de mujeres con muestras de pap tomadas,2016-03-01,0,3,27,8,6,44
PALCA,"anticoncepcion, prevencion de its y de cancer de cuello uterino",numero de mujeres con muestras de pap tomadas,2016-03-01,0,2,38,26,6,72
PALOS BLANCOS,"anticoncepcion, prevencion de its y de cancer de cuello uterino",numero de mujeres con muestras de pap tomadas,2016-03-01,0,23,169,85,38,315
PAMPA GRANDE,"anticoncepcion, prevencion de its y de cancer de cuello uterino",numero de mujeres con muestras de pap tomadas,2016-03-01,0,0,15,10,0,25
PAPEL PAMPA,"anticoncepcion, prevencion de its y de cancer de cuello uterino",numero de mujeres con muestras de pap tomadas,2016-03-01,0,0,6,4,2,12
PASORAPA,"anticoncepcion, prevencion de its y de cancer de cuello uterino",numero de mujeres con muestras de pap tomadas,2016-03-01,0,0,3,9,6,18
PATACAMAYA,"anticoncepcion, prevencion de its y de cancer de cuello uterino",numero de mujeres con muestras de pap tomadas,2016-03-01,0,1,4,4,2,11
PAZÑA,"anticoncepcion, prevencion de its y de cancer de cuello uterino",numero de mujeres con muestras de pap tomadas,2016-03-01,0,0,2,0,0,2
PELECHUCO,"anticoncepcion, prevencion de its y de cancer de cuello uterino",numero de mujeres con muestras de pap tomadas,2016-03-01,1,4,22,23,9,59
POCOATA,"anticoncepcion, prevencion de its y de cancer de cuello uterino",numero de mujeres con muestras de pap tomadas,2016-03-01,0,4,46,10,2,62
POCONA,"anticoncepcion, prevencion de its y de cancer de cuello uterino",numero de mujeres con muestras de pap tomadas,2016-03-01,2,1,16,6,2,27
POJO (CBBA),"anticoncepcion, prevencion de its y de cancer de cuello uterino",numero de mujeres con muestras de pap tomadas,2016-03-01,0,1,8,7,1,17
PORCO,"anticoncepcion, prevencion de its y de cancer de cuello uterino",numero de mujeres con muestras de pap tomadas,2016-03-01,0,6,27,9,0,42
POROMA,"anticoncepcion, prevencion de its y de cancer de cuello uterino",numero de mujeres con muestras de pap tomadas,2016-03-01,0,9,50,66,5,130
PORONGO,"anticoncepcion, prevencion de its y de cancer de cuello uterino",numero de mujeres con muestras de pap tomadas,2016-03-01,0,5,36,22,2,65
PORTACHUELO,"anticoncepcion, prevencion de its y de cancer de cuello uterino",numero de mujeres con muestras de pap tomadas,2016-03-01,0,15,77,30,18,140
POSTRER VALLE,"anticoncepcion, prevencion de its y de cancer de cuello uterino",numero de mujeres con muestras de pap tomadas,2016-03-01,0,2,2,2,2,8
POTOSI,"anticoncepcion, prevencion de its y de cancer de cuello uterino",numero de mujeres con muestras de pap tomadas,2016-03-01,0,27,455,307,96,885
PRESTO,"anticoncepcion, prevencion de its y de cancer de cuello uterino",numero de mujeres con muestras de pap tomadas,2016-03-01,0,6,36,20,2,64
PUCARA,"anticoncepcion, prevencion de its y de cancer de cuello uterino",numero de mujeres con muestras de pap tomadas,2016-03-01,0,1,5,2,0,8
PUCARANI,"anticoncepcion, prevencion de its y de cancer de cuello uterino",numero de mujeres con muestras de pap tomadas,2016-03-01,1,11,30,4,1,47
PUERTO ACOSTA,"anticoncepcion, prevencion de its y de cancer de cuello uterino",numero de mujeres con muestras de pap tomadas,2016-03-01,0,3,2,1,0,6
PUERTO CARABUCO,"anticoncepcion, prevencion de its y de cancer de cuello uterino",numero de mujeres con muestras de pap tomadas,2016-03-01,0,3,4,11,13,31
PUERTO GONZALO MORENO,"anticoncepcion, prevencion de its y de cancer de cuello uterino",numero de mujeres con muestras de pap tomadas,2016-03-01,1,10,15,3,0,29
PUERTO PEREZ,"anticoncepcion, prevencion de its y de cancer de cuello uterino",numero de mujeres con muestras de pap tomadas,2016-03-01,0,2,5,1,2,10
PUERTO QUIJARRO,"anticoncepcion, prevencion de its y de cancer de cuello uterino",numero de mujeres con muestras de pap tomadas,2016-03-01,0,10,14,9,0,33
PUERTO RICO,"anticoncepcion, prevencion de its y de cancer de cuello uterino",numero de mujeres con muestras de pap tomadas,2016-03-01,0,6,4,1,0,11
PUERTO SUAREZ,"anticoncepcion, prevencion de its y de cancer de cuello uterino",numero de mujeres con muestras de pap tomadas,2016-03-01,0,14,71,34,14,133
PUERTO VILLARROEL,"anticoncepcion, prevencion de its y de cancer de cuello uterino",numero de mujeres con muestras de pap tomadas,2016-03-01,3,27,75,24,6,135
PUNA,"anticoncepcion, prevencion de its y de cancer de cuello uterino",numero de mujeres con muestras de pap tomadas,2016-03-01,0,2,44,30,10,86
PUNATA,"anticoncepcion, prevencion de its y de cancer de cuello uterino",numero de mujeres con muestras de pap tomadas,2016-03-01,0,10,94,50,42,196
QUILLACOLLO,"anticoncepcion, prevencion de its y de cancer de cuello uterino",numero de mujeres con muestras de pap tomadas,2016-03-01,0,31,226,126,47,430
QUIME,"anticoncepcion, prevencion de its y de cancer de cuello uterino",numero de mujeres con muestras de pap tomadas,2016-03-01,0,0,10,3,2,15
QUIRUSILLAS,"anticoncepcion, prevencion de its y de cancer de cuello uterino",numero de mujeres con muestras de pap tomadas,2016-03-01,0,1,2,5,1,9
RAVELO,"anticoncepcion, prevencion de its y de cancer de cuello uterino",numero de mujeres con muestras de pap tomadas,2016-03-01,0,1,6,8,3,18
REYES,"anticoncepcion, prevencion de its y de cancer de cuello uterino",numero de mujeres con muestras de pap tomadas,2016-03-01,0,0,16,8,6,30
RIBERALTA,"anticoncepcion, prevencion de its y de cancer de cuello uterino",numero de mujeres con muestras de pap tomadas,2016-03-01,3,78,312,130,37,560
ROBORE,"anticoncepcion, prevencion de its y de cancer de cuello uterino",numero de mujeres con muestras de pap tomadas,2016-03-01,3,14,72,48,31,168
RURRENABAQUE,"anticoncepcion, prevencion de its y de cancer de cuello uterino",numero de mujeres con muestras de pap tomadas,2016-03-01,0,1,10,4,2,17
SABAYA,"anticoncepcion, prevencion de its y de cancer de cuello uterino",numero de mujeres con muestras de pap tomadas,2016-03-01,1,1,6,4,2,14
SACABA,"anticoncepcion, prevencion de its y de cancer de cuello uterino",numero de mujeres con muestras de pap tomadas,2016-03-01,1,55,239,129,35,459
SACABAMBA,"anticoncepcion, prevencion de its y de cancer de cuello uterino",numero de mujeres con muestras de pap tomadas,2016-03-01,0,1,7,4,1,13
SACACA,"anticoncepcion, prevencion de its y de cancer de cuello uterino",numero de mujeres con muestras de pap tomadas,2016-03-01,0,3,23,17,4,47
SAIPINA,"anticoncepcion, prevencion de its y de cancer de cuello uterino",numero de mujeres con muestras de pap tomadas,2016-03-01,0,1,6,2,1,10
SALINAS DE GARCI MENDOZA,"anticoncepcion, prevencion de its y de cancer de cuello uterino",numero de mujeres con muestras de pap tomadas,2016-03-01,0,0,12,5,1,18
SAMAIPATA,"anticoncepcion, prevencion de its y de cancer de cuello uterino",numero de mujeres con muestras de pap tomadas,2016-03-01,0,2,8,9,5,24
SAN ANDRES,"anticoncepcion, prevencion de its y de cancer de cuello uterino",numero de mujeres con muestras de pap tomadas,2016-03-01,1,1,22,27,14,65
SAN ANDRES DE MACHACA,"anticoncepcion, prevencion de its y de cancer de cuello uterino",numero de mujeres con muestras de pap tomadas,2016-03-01,0,0,5,1,1,7
SAN ANTONIO DE ESMORUCO,"anticoncepcion, prevencion de its y de cancer de cuello uterino",numero de mujeres con muestras de pap tomadas,2016-03-01,0,1,3,2,0,6
SAN ANTONIO DE LOMERIO,"anticoncepcion, prevencion de its y de cancer de cuello uterino",numero de mujeres con muestras de pap tomadas,2016-03-01,0,2,5,3,0,10
SAN BENITO,"anticoncepcion, prevencion de its y de cancer de cuello uterino",numero de mujeres con muestras de pap tomadas,2016-03-01,0,0,7,5,1,13
SAN BORJA,"anticoncepcion, prevencion de its y de cancer de cuello uterino",numero de mujeres con muestras de pap tomadas,2016-03-01,0,1,4,2,1,8
SAN BUENA VENTURA,"anticoncepcion, prevencion de its y de cancer de cuello uterino",numero de mujeres con muestras de pap tomadas,2016-03-01,0,1,1,1,0,3
SAN CARLOS,"anticoncepcion, prevencion de its y de cancer de cuello uterino",numero de mujeres con muestras de pap tomadas,2016-03-01,0,3,47,17,6,73
SAN IGNACIO,"anticoncepcion, prevencion de its y de cancer de cuello uterino",numero de mujeres con muestras de pap tomadas,2016-03-01,0,1,1,0,0,2
SAN IGNACIO DE VELASCO,"anticoncepcion, prevencion de its y de cancer de cuello uterino",numero de mujeres con muestras de pap tomadas,2016-03-01,2,15,110,46,14,187
SAN JAVIER(STC),"anticoncepcion, prevencion de its y de cancer de cuello uterino",numero de mujeres con muestras de pap tomadas,2016-03-01,0,0,16,13,1,30
SAN JOSE DE CHIQUITOS,"anticoncepcion, prevencion de its y de cancer de cuello uterino",numero de mujeres con muestras de pap tomadas,2016-03-01,0,1,9,6,2,18
SAN JUAN DE YAPACANI,"anticoncepcion, prevencion de its y de cancer de cuello uterino",numero de mujeres con muestras de pap tomadas,2016-03-01,3,9,13,21,8,54
SAN JULIAN,"anticoncepcion, prevencion de its y de cancer de cuello uterino",numero de mujeres con muestras de pap tomadas,2016-03-01,2,14,94,66,9,185
SAN LORENZO(PND),"anticoncepcion, prevencion de its y de cancer de cuello uterino",numero de mujeres con muestras de pap tomadas,2016-03-01,0,1,3,2,0,6
SAN LORENZO(TJA),"anticoncepcion, prevencion de its y de cancer de cuello uterino",numero de mujeres con muestras de pap tomadas,2016-03-01,0,2,13,8,2,25
SAN LUCAS,"anticoncepcion, prevencion de its y de cancer de cuello uterino",numero de mujeres con muestras de pap tomadas,2016-03-01,0,18,100,94,7,219
SAN MATIAS,"anticoncepcion, prevencion de its y de cancer de cuello uterino",numero de mujeres con muestras de pap tomadas,2016-03-01,0,3,17,7,12,39
SAN MIGUEL DE VELASCO,"anticoncepcion, prevencion de its y de cancer de cuello uterino",numero de mujeres con muestras de pap tomadas,2016-03-01,0,1,8,5,1,15
SAN PABLO DE LIPEZ,"anticoncepcion, prevencion de its y de cancer de cuello uterino",numero de mujeres con muestras de pap tomadas,2016-03-01,0,2,6,3,1,12
SAN PEDRO,"anticoncepcion, prevencion de its y de cancer de cuello uterino",numero de mujeres con muestras de pap tomadas,2016-03-01,0,4,45,35,8,92
SAN PEDRO DE BUENA VISTA,"anticoncepcion, prevencion de its y de cancer de cuello uterino",numero de mujeres con muestras de pap tomadas,2016-03-01,0,4,12,7,2,25
SAN PEDRO DE QUEMES,"anticoncepcion, prevencion de its y de cancer de cuello uterino",numero de mujeres con muestras de pap tomadas,2016-03-01,1,0,1,0,0,2
SAN PEDRO DE TIQUINA,"anticoncepcion, prevencion de its y de cancer de cuello uterino",numero de mujeres con muestras de pap tomadas,2016-03-01,0,1,0,1,0,2
SAN RAFAEL,"anticoncepcion, prevencion de its y de cancer de cuello uterino",numero de mujeres con muestras de pap tomadas,2016-03-01,0,0,2,0,1,3
SAN RAMON BENI,"anticoncepcion, prevencion de its y de cancer de cuello uterino",numero de mujeres con muestras de pap tomadas,2016-03-01,0,1,6,8,3,18
SAN RAMON SCZ,"anticoncepcion, prevencion de its y de cancer de cuello uterino",numero de mujeres con muestras de pap tomadas,2016-03-01,0,7,16,12,2,37
SANTA ANA,"anticoncepcion, prevencion de its y de cancer de cuello uterino",numero de mujeres con muestras de pap tomadas,2016-03-01,0,0,2,1,0,3
SANTA CRUZ DE LA SIERRA,"anticoncepcion, prevencion de its y de cancer de cuello uterino",numero de mujeres con muestras de pap tomadas,2016-03-01,16,506,3132,2064,672,6390
SANTA ROSA DEL SARA,"anticoncepcion, prevencion de its y de cancer de cuello uterino",numero de mujeres con muestras de pap tomadas,2016-03-01,0,5,21,19,4,49
SANTIAGO DE HUATA,"anticoncepcion, prevencion de its y de cancer de cuello uterino",numero de mujeres con muestras de pap tomadas,2016-03-01,0,1,4,1,1,7
SANTIAGO DE MACHACA,"anticoncepcion, prevencion de its y de cancer de cuello uterino",numero de mujeres con muestras de pap tomadas,2016-03-01,0,0,2,0,1,3
SANTIVAÑES,"anticoncepcion, prevencion de its y de cancer de cuello uterino",numero de mujeres con muestras de pap tomadas,2016-03-01,0,0,5,5,3,13
SANTUARIO DE QUILLACAS,"anticoncepcion, prevencion de its y de cancer de cuello uterino",numero de mujeres con muestras de pap tomadas,2016-03-01,0,0,0,2,1,3
SAPAHAQUI,"anticoncepcion, prevencion de its y de cancer de cuello uterino",numero de mujeres con muestras de pap tomadas,2016-03-01,0,1,2,1,2,6
SENA,"anticoncepcion, prevencion de its y de cancer de cuello uterino",numero de mujeres con muestras de pap tomadas,2016-03-01,0,0,6,2,0,8
SHINAOTA,"anticoncepcion, prevencion de its y de cancer de cuello uterino",numero de mujeres con muestras de pap tomadas,2016-03-01,0,7,34,8,0,49
SICA SICA (VILLA AROMA),"anticoncepcion, prevencion de its y de cancer de cuello uterino",numero de mujeres con muestras de pap tomadas,2016-03-01,0,2,19,13,5,39
SICAYA,"anticoncepcion, prevencion de its y de cancer de cuello uterino",numero de mujeres con muestras de pap tomadas,2016-03-01,0,0,10,2,0,12
SIPE SIPE,"anticoncepcion, prevencion de its y de cancer de cuello uterino",numero de mujeres con muestras de pap tomadas,2016-03-01,0,6,32,18,1,57
SOPACHUY,"anticoncepcion, prevencion de its y de cancer de cuello uterino",numero de mujeres con muestras de pap tomadas,2016-03-01,0,7,37,30,18,92
SORACACHI,"anticoncepcion, prevencion de its y de cancer de cuello uterino",numero de mujeres con muestras de pap tomadas,2016-03-01,0,0,2,1,1,4
SORATA,"anticoncepcion, prevencion de its y de cancer de cuello uterino",numero de mujeres con muestras de pap tomadas,2016-03-01,0,1,17,4,0,22
SUCRE,"anticoncepcion, prevencion de its y de cancer de cuello uterino",numero de mujeres con muestras de pap tomadas,2016-03-01,14,382,1846,875,363,3480
TACACOMA,"anticoncepcion, prevencion de its y de cancer de cuello uterino",numero de mujeres con muestras de pap tomadas,2016-03-01,0,0,4,2,1,7
TACOBAMBA,"anticoncepcion, prevencion de its y de cancer de cuello uterino",numero de mujeres con muestras de pap tomadas,2016-03-01,0,1,11,15,9,36
TACOPAYA,"anticoncepcion, prevencion de its y de cancer de cuello uterino",numero de mujeres con muestras de pap tomadas,2016-03-01,0,1,2,6,5,14
TAPACARI,"anticoncepcion, prevencion de its y de cancer de cuello uterino",numero de mujeres con muestras de pap tomadas,2016-03-01,0,3,12,11,3,29
TARABUCO,"anticoncepcion, prevencion de its y de cancer de cuello uterino",numero de mujeres con muestras de pap tomadas,2016-03-01,0,14,37,25,7,83
TARACO,"anticoncepcion, prevencion de its y de cancer de cuello uterino",numero de mujeres con muestras de pap tomadas,2016-03-01,0,7,7,6,0,20
TARATA,"anticoncepcion, prevencion de its y de cancer de cuello uterino",numero de mujeres con muestras de pap tomadas,2016-03-01,0,6,13,7,3,29
TARIJA,"anticoncepcion, prevencion de its y de cancer de cuello uterino",numero de mujeres con muestras de pap tomadas,2016-03-01,1,56,503,573,217,1350
TARVITA,"anticoncepcion, prevencion de its y de cancer de cuello uterino",numero de mujeres con muestras de pap tomadas,2016-03-01,0,12,35,53,4,104
TEOPONTE,"anticoncepcion, prevencion de its y de cancer de cuello uterino",numero de mujeres con muestras de pap tomadas,2016-03-01,0,12,54,35,19,120
TIAWANACU,"anticoncepcion, prevencion de its y de cancer de cuello uterino",numero de mujeres con muestras de pap tomadas,2016-03-01,0,3,17,7,7,34
TINGUIPAYA,"anticoncepcion, prevencion de its y de cancer de cuello uterino",numero de mujeres con muestras de pap tomadas,2016-03-01,0,2,25,22,5,54
TIPUANI,"anticoncepcion, prevencion de its y de cancer de cuello uterino",numero de mujeres con muestras de pap tomadas,2016-03-01,0,0,18,7,6,31
TIQUIPAYA,"anticoncepcion, prevencion de its y de cancer de cuello uterino",numero de mujeres con muestras de pap tomadas,2016-03-01,0,30,171,46,10,257
TIRAQUE (CBBA),"anticoncepcion, prevencion de its y de cancer de cuello uterino",numero de mujeres con muestras de pap tomadas,2016-03-01,0,7,19,5,0,31
TITO YUPANQUI (PARQUIPUJIO),"anticoncepcion, prevencion de its y de cancer de cuello uterino",numero de mujeres con muestras de pap tomadas,2016-03-01,1,0,1,2,1,5
TOCO,"anticoncepcion, prevencion de its y de cancer de cuello uterino",numero de mujeres con muestras de pap tomadas,2016-03-01,0,3,6,7,0,16
TOLATA,"anticoncepcion, prevencion de its y de cancer de cuello uterino",numero de mujeres con muestras de pap tomadas,2016-03-01,0,4,10,4,2,20
TOLEDO,"anticoncepcion, prevencion de its y de cancer de cuello uterino",numero de mujeres con muestras de pap tomadas,2016-03-01,0,0,3,2,4,9
TOMAVE,"anticoncepcion, prevencion de its y de cancer de cuello uterino",numero de mujeres con muestras de pap tomadas,2016-03-01,0,4,13,7,6,30
TOMINA,"anticoncepcion, prevencion de its y de cancer de cuello uterino",numero de mujeres con muestras de pap tomadas,2016-03-01,0,19,70,56,15,160
TORO TORO,"anticoncepcion, prevencion de its y de cancer de cuello uterino",numero de mujeres con muestras de pap tomadas,2016-03-01,0,7,36,19,6,68
TOTORA(CBBA),"anticoncepcion, prevencion de its y de cancer de cuello uterino",numero de mujeres con muestras de pap tomadas,2016-03-01,0,3,15,8,2,28
TOTORA(ORR),"anticoncepcion, prevencion de its y de cancer de cuello uterino",numero de mujeres con muestras de pap tomadas,2016-03-01,0,1,20,14,6,41
TRIGAL,"anticoncepcion, prevencion de its y de cancer de cuello uterino",numero de mujeres con muestras de pap tomadas,2016-03-01,1,1,8,4,3,17
TRINIDAD,"anticoncepcion, prevencion de its y de cancer de cuello uterino",numero de mujeres con muestras de pap tomadas,2016-03-01,4,36,248,121,61,470
TUPIZA,"anticoncepcion, prevencion de its y de cancer de cuello uterino",numero de mujeres con muestras de pap tomadas,2016-03-01,0,15,94,91,27,227
TURCO,"anticoncepcion, prevencion de its y de cancer de cuello uterino",numero de mujeres con muestras de pap tomadas,2016-03-01,0,0,3,3,0,6
UMALA,"anticoncepcion, prevencion de its y de cancer de cuello uterino",numero de mujeres con muestras de pap tomadas,2016-03-01,0,3,7,6,0,16
UNCIA,"anticoncepcion, prevencion de its y de cancer de cuello uterino",numero de mujeres con muestras de pap tomadas,2016-03-01,0,2,10,9,0,21
URIONDO (A. CONCEPCION),"anticoncepcion, prevencion de its y de cancer de cuello uterino",numero de mujeres con muestras de pap tomadas,2016-03-01,0,1,8,5,1,15
URUBICHA,"anticoncepcion, prevencion de its y de cancer de cuello uterino",numero de mujeres con muestras de pap tomadas,2016-03-01,0,1,9,3,0,13
UYUNI,"anticoncepcion, prevencion de its y de cancer de cuello uterino",numero de mujeres con muestras de pap tomadas,2016-03-01,0,0,7,9,2,18
VACAS,"anticoncepcion, prevencion de its y de cancer de cuello uterino",numero de mujeres con muestras de pap tomadas,2016-03-01,0,3,2,0,0,5
VALLEGRANDE,"anticoncepcion, prevencion de its y de cancer de cuello uterino",numero de mujeres con muestras de pap tomadas,2016-03-01,0,14,55,45,15,129
VIACHA,"anticoncepcion, prevencion de its y de cancer de cuello uterino",numero de mujeres con muestras de pap tomadas,2016-03-01,1,12,114,51,38,216
VILLA CHARCAS,"anticoncepcion, prevencion de its y de cancer de cuello uterino",numero de mujeres con muestras de pap tomadas,2016-03-01,0,19,95,59,11,184
VILLA MONTES,"anticoncepcion, prevencion de its y de cancer de cuello uterino",numero de mujeres con muestras de pap tomadas,2016-03-01,0,6,64,33,13,116
VILLA NUEVA (LOMA ALTA),"anticoncepcion, prevencion de its y de cancer de cuello uterino",numero de mujeres con muestras de pap tomadas,2016-03-01,0,0,3,0,0,3
VILLA RIVERO,"anticoncepcion, prevencion de its y de cancer de cuello uterino",numero de mujeres con muestras de pap tomadas,2016-03-01,0,2,6,2,1,11
VILLA SERRANO,"anticoncepcion, prevencion de its y de cancer de cuello uterino",numero de mujeres con muestras de pap tomadas,2016-03-01,1,4,51,59,5,120
VILLA TUNARI,"anticoncepcion, prevencion de its y de cancer de cuello uterino",numero de mujeres con muestras de pap tomadas,2016-03-01,0,8,91,99,28,226
VILLA VACA GUZMAN (MUYUPAMPA),"anticoncepcion, prevencion de its y de cancer de cuello uterino",numero de mujeres con muestras de pap tomadas,2016-03-01,0,2,28,23,10,63
VILLAZON,"anticoncepcion, prevencion de its y de cancer de cuello uterino",numero de mujeres con muestras de pap tomadas,2016-03-01,0,11,89,40,15,155
VINTO,"anticoncepcion, prevencion de its y de cancer de cuello uterino",numero de mujeres con muestras de pap tomadas,2016-03-01,0,8,49,19,6,82
VITICHI,"anticoncepcion, prevencion de its y de cancer de cuello uterino",numero de mujeres con muestras de pap tomadas,2016-03-01,0,5,58,50,32,145
WALDO BALLIVIAN,"anticoncepcion, prevencion de its y de cancer de cuello uterino",numero de mujeres con muestras de pap tomadas,2016-03-01,0,0,1,3,1,5
WARNES,"anticoncepcion, prevencion de its y de cancer de cuello uterino",numero de mujeres con muestras de pap tomadas,2016-03-01,1,48,218,70,14,351
YACO,"anticoncepcion, prevencion de its y de cancer de cuello uterino",numero de mujeres con muestras de pap tomadas,2016-03-01,0,0,6,5,4,15
YACUIBA,"anticoncepcion, prevencion de its y de cancer de cuello uterino",numero de mujeres con muestras de pap tomadas,2016-03-01,0,10,152,109,43,314
YAMPARAEZ,"anticoncepcion, prevencion de its y de cancer de cuello uterino",numero de mujeres con muestras de pap tomadas,2016-03-01,0,6,25,24,6,61
YANACACHI,"anticoncepcion, prevencion de its y de cancer de cuello uterino",numero de mujeres con muestras de pap tomadas,2016-03-01,0,0,1,0,0,1
YAPACANI,"anticoncepcion, prevencion de its y de cancer de cuello uterino",numero de mujeres con muestras de pap tomadas,2016-03-01,2,39,75,53,8,177
YOCALLA,"anticoncepcion, prevencion de its y de cancer de cuello uterino",numero de mujeres con muestras de pap tomadas,2016-03-01,0,0,0,2,0,2
YOTALA,"anticoncepcion, prevencion de its y de cancer de cuello uterino",numero de mujeres con muestras de pap tomadas,2016-03-01,0,4,19,6,2,31
YUNCHARA,"anticoncepcion, prevencion de its y de cancer de cuello uterino",numero de mujeres con muestras de pap tomadas,2016-03-01,0,2,4,6,0,12
YUNGUYO DE LITORAL,"anticoncepcion, prevencion de its y de cancer de cuello uterino",numero de mujeres con muestras de pap tomadas,2016-03-01,0,0,1,0,0,1
ZUDAÑEZ,"anticoncepcion, prevencion de its y de cancer de cuello uterino",numero de mujeres con muestras de pap tomadas,2016-03-01,0,9,28,15,1,53
ACACIO,"anticoncepcion, prevencion de its y de cancer de cuello uterino",numero de mujeres con muestras de pap tomadas,2016-04-01,0,0,0,3,0,3
ACHACACHI,"anticoncepcion, prevencion de its y de cancer de cuello uterino",numero de mujeres con muestras de pap tomadas,2016-04-01,0,3,23,17,4,47
ACHOCALLA,"anticoncepcion, prevencion de its y de cancer de cuello uterino",numero de mujeres con muestras de pap tomadas,2016-04-01,0,18,38,15,2,73
AIQUILE,"anticoncepcion, prevencion de its y de cancer de cuello uterino",numero de mujeres con muestras de pap tomadas,2016-04-01,0,8,52,82,44,186
ALCALA,"anticoncepcion, prevencion de its y de cancer de cuello uterino",numero de mujeres con muestras de pap tomadas,2016-04-01,0,2,15,13,5,35
ALTO BENI,"anticoncepcion, prevencion de its y de cancer de cuello uterino",numero de mujeres con muestras de pap tomadas,2016-04-01,1,5,14,6,1,27
ANCORAIMES,"anticoncepcion, prevencion de its y de cancer de cuello uterino",numero de mujeres con muestras de pap tomadas,2016-04-01,0,3,8,6,1,18
ANDAMARCA,"anticoncepcion, prevencion de its y de cancer de cuello uterino",numero de mujeres con muestras de pap tomadas,2016-04-01,0,0,0,1,0,1
ANTEQUERA,"anticoncepcion, prevencion de its y de cancer de cuello uterino",numero de mujeres con muestras de pap tomadas,2016-04-01,0,0,2,2,3,7
ANZALDO,"anticoncepcion, prevencion de its y de cancer de cuello uterino",numero de mujeres con muestras de pap tomadas,2016-04-01,0,0,1,2,0,3
APOLO,"anticoncepcion, prevencion de its y de cancer de cuello uterino",numero de mujeres con muestras de pap tomadas,2016-04-01,0,3,10,7,1,21
ARAMPAMPA,"anticoncepcion, prevencion de its y de cancer de cuello uterino",numero de mujeres con muestras de pap tomadas,2016-04-01,0,2,5,2,0,9
ARANI,"anticoncepcion, prevencion de its y de cancer de cuello uterino",numero de mujeres con muestras de pap tomadas,2016-04-01,0,3,10,4,0,17
ARBIETO,"anticoncepcion, prevencion de its y de cancer de cuello uterino",numero de mujeres con muestras de pap tomadas,2016-04-01,0,15,45,25,10,95
ARQUE,"anticoncepcion, prevencion de its y de cancer de cuello uterino",numero de mujeres con muestras de pap tomadas,2016-04-01,0,0,3,2,0,5
ASCENCION DE GUARAYOS,"anticoncepcion, prevencion de its y de cancer de cuello uterino",numero de mujeres con muestras de pap tomadas,2016-04-01,3,26,102,21,1,153
ATOCHA,"anticoncepcion, prevencion de its y de cancer de cuello uterino",numero de mujeres con muestras de pap tomadas,2016-04-01,0,5,22,22,2,51
AUCAPATA,"anticoncepcion, prevencion de its y de cancer de cuello uterino",numero de mujeres con muestras de pap tomadas,2016-04-01,0,1,2,4,0,7
AYATA,"anticoncepcion, prevencion de its y de cancer de cuello uterino",numero de mujeres con muestras de pap tomadas,2016-04-01,0,1,1,3,0,5
AYOPAYA (V. DE INDEPENDENCIA),"anticoncepcion, prevencion de its y de cancer de cuello uterino",numero de mujeres con muestras de pap tomadas,2016-04-01,0,4,10,7,2,23
AZURDUY,"anticoncepcion, prevencion de its y de cancer de cuello uterino",numero de mujeres con muestras de pap tomadas,2016-04-01,0,6,38,43,22,109
BATALLAS,"anticoncepcion, prevencion de its y de cancer de cuello uterino",numero de mujeres con muestras de pap tomadas,2016-04-01,0,3,16,8,2,29
BELLA FLOR,"anticoncepcion, prevencion de its y de cancer de cuello uterino",numero de mujeres con muestras de pap tomadas,2016-04-01,0,0,3,0,0,3
BERMEJO,"anticoncepcion, prevencion de its y de cancer de cuello uterino",numero de mujeres con muestras de pap tomadas,2016-04-01,0,18,98,53,16,185
BETANZOS,"anticoncepcion, prevencion de its y de cancer de cuello uterino",numero de mujeres con muestras de pap tomadas,2016-04-01,1,10,52,62,14,139
BOYUIBE,"anticoncepcion, prevencion de its y de cancer de cuello uterino",numero de mujeres con muestras de pap tomadas,2016-04-01,0,1,3,1,1,6
BUENA VISTA,"anticoncepcion, prevencion de its y de cancer de cuello uterino",numero de mujeres con muestras de pap tomadas,2016-04-01,0,0,13,12,1,26
CABEZAS,"anticoncepcion, prevencion de its y de cancer de cuello uterino",numero de mujeres con muestras de pap tomadas,2016-04-01,0,4,11,3,3,21
CAIROMA,"anticoncepcion, prevencion de its y de cancer de cuello uterino",numero de mujeres con muestras de pap tomadas,2016-04-01,0,4,13,24,14,55
"CAIZA ""D""","anticoncepcion, prevencion de its y de cancer de cuello uterino",numero de mujeres con muestras de pap tomadas,2016-04-01,1,4,20,9,4,38
CAJUATA,"anticoncepcion, prevencion de its y de cancer de cuello uterino",numero de mujeres con muestras de pap tomadas,2016-04-01,0,1,17,4,1,23
CALACOTO,"anticoncepcion, prevencion de its y de cancer de cuello uterino",numero de mujeres con muestras de pap tomadas,2016-04-01,0,0,3,1,5,9
CALAMARCA,"anticoncepcion, prevencion de its y de cancer de cuello uterino",numero de mujeres con muestras de pap tomadas,2016-04-01,0,5,16,8,2,31
CAMARGO,"anticoncepcion, prevencion de its y de cancer de cuello uterino",numero de mujeres con muestras de pap tomadas,2016-04-01,0,17,61,29,11,118
CAMATAQUI (C. VILLA ABECIA),"anticoncepcion, prevencion de its y de cancer de cuello uterino",numero de mujeres con muestras de pap tomadas,2016-04-01,0,2,13,8,3,26
CAMIRI,"anticoncepcion, prevencion de its y de cancer de cuello uterino",numero de mujeres con muestras de pap tomadas,2016-04-01,0,2,23,17,7,49
CAPINOTA,"anticoncepcion, prevencion de its y de cancer de cuello uterino",numero de mujeres con muestras de pap tomadas,2016-04-01,2,7,47,24,4,84
CAQUIAVIRI,"anticoncepcion, prevencion de its y de cancer de cuello uterino",numero de mujeres con muestras de pap tomadas,2016-04-01,0,1,5,10,5,21
CARACOLLO,"anticoncepcion, prevencion de its y de cancer de cuello uterino",numero de mujeres con muestras de pap tomadas,2016-04-01,0,16,73,38,2,129
CARANAVI,"anticoncepcion, prevencion de its y de cancer de cuello uterino",numero de mujeres con muestras de pap tomadas,2016-04-01,1,20,122,88,23,254
CARANGAS,"anticoncepcion, prevencion de its y de cancer de cuello uterino",numero de mujeres con muestras de pap tomadas,2016-04-01,0,0,0,1,0,1
CARIPUYO,"anticoncepcion, prevencion de its y de cancer de cuello uterino",numero de mujeres con muestras de pap tomadas,2016-04-01,0,2,9,4,0,15
CATACORA,"anticoncepcion, prevencion de its y de cancer de cuello uterino",numero de mujeres con muestras de pap tomadas,2016-04-01,0,0,0,1,0,1
CHACARILLA,"anticoncepcion, prevencion de its y de cancer de cuello uterino",numero de mujeres con muestras de pap tomadas,2016-04-01,0,1,0,0,0,1
CHALLAPATA,"anticoncepcion, prevencion de its y de cancer de cuello uterino",numero de mujeres con muestras de pap tomadas,2016-04-01,0,0,5,1,1,7
CHAQUI,"anticoncepcion, prevencion de its y de cancer de cuello uterino",numero de mujeres con muestras de pap tomadas,2016-04-01,0,5,20,19,7,51
CHARAGUA,"anticoncepcion, prevencion de its y de cancer de cuello uterino",numero de mujeres con muestras de pap tomadas,2016-04-01,0,4,22,10,0,36
CHAYANTA,"anticoncepcion, prevencion de its y de cancer de cuello uterino",numero de mujeres con muestras de pap tomadas,2016-04-01,0,4,13,5,2,24
CHIMORE,"anticoncepcion, prevencion de its y de cancer de cuello uterino",numero de mujeres con muestras de pap tomadas,2016-04-01,0,4,21,5,4,34
CHIPAYA,"anticoncepcion, prevencion de its y de cancer de cuello uterino",numero de mujeres con muestras de pap tomadas,2016-04-01,0,0,1,0,0,1
CHOQUE COTA,"anticoncepcion, prevencion de its y de cancer de cuello uterino",numero de mujeres con muestras de pap tomadas,2016-04-01,0,1,1,1,0,3
CHUA COCANI,"anticoncepcion, prevencion de its y de cancer de cuello uterino",numero de mujeres con muestras de pap tomadas,2016-04-01,0,6,39,26,12,83
CHULUMANI (V. DE LA LIBERTAD),"anticoncepcion, prevencion de its y de cancer de cuello uterino",numero de mujeres con muestras de pap tomadas,2016-04-01,0,5,17,12,4,38
CHUMA,"anticoncepcion, prevencion de its y de cancer de cuello uterino",numero de mujeres con muestras de pap tomadas,2016-04-01,0,1,11,10,1,23
CHUQUIHUTA AYLLU JUCUMANI,"anticoncepcion, prevencion de its y de cancer de cuello uterino",numero de mujeres con muestras de pap tomadas,2016-04-01,0,1,12,3,0,16
CKOCHAS,"anticoncepcion, prevencion de its y de cancer de cuello uterino",numero de mujeres con muestras de pap tomadas,2016-04-01,0,1,16,27,6,50
CLIZA,"anticoncepcion, prevencion de its y de cancer de cuello uterino",numero de mujeres con muestras de pap tomadas,2016-04-01,0,3,32,10,1,46
COBIJA,"anticoncepcion, prevencion de its y de cancer de cuello uterino",numero de mujeres con muestras de pap tomadas,2016-04-01,1,31,127,66,21,246
COCAPATA,"anticoncepcion, prevencion de its y de cancer de cuello uterino",numero de mujeres con muestras de pap tomadas,2016-04-01,0,2,3,3,0,8
COCHABAMBA,"anticoncepcion, prevencion de its y de cancer de cuello uterino",numero de mujeres con muestras de pap tomadas,2016-04-01,3,99,2330,1397,664,4493
COLCAPIRHUA,"anticoncepcion, prevencion de its y de cancer de cuello uterino",numero de mujeres con muestras de pap tomadas,2016-04-01,0,3,39,25,7,74
COLLANA,"anticoncepcion, prevencion de its y de cancer de cuello uterino",numero de mujeres con muestras de pap tomadas,2016-04-01,0,0,2,3,2,7
COLOMI,"anticoncepcion, prevencion de its y de cancer de cuello uterino",numero de mujeres con muestras de pap tomadas,2016-04-01,0,2,3,1,0,6
COLPA BELGICA,"anticoncepcion, prevencion de its y de cancer de cuello uterino",numero de mujeres con muestras de pap tomadas,2016-04-01,0,2,12,4,0,18
COLQUECHACA,"anticoncepcion, prevencion de its y de cancer de cuello uterino",numero de mujeres con muestras de pap tomadas,2016-04-01,0,6,70,46,8,130
COLQUENCHA,"anticoncepcion, prevencion de its y de cancer de cuello uterino",numero de mujeres con muestras de pap tomadas,2016-04-01,0,0,8,13,3,24
COLQUIRI,"anticoncepcion, prevencion de its y de cancer de cuello uterino",numero de mujeres con muestras de pap tomadas,2016-04-01,0,1,21,9,4,35
COMANCHE,"anticoncepcion, prevencion de its y de cancer de cuello uterino",numero de mujeres con muestras de pap tomadas,2016-04-01,0,0,0,0,1,1
COMARAPA,"anticoncepcion, prevencion de its y de cancer de cuello uterino",numero de mujeres con muestras de pap tomadas,2016-04-01,0,6,19,15,8,48
COMBAYA,"anticoncepcion, prevencion de its y de cancer de cuello uterino",numero de mujeres con muestras de pap tomadas,2016-04-01,0,1,1,0,0,2
CONCEPCION,"anticoncepcion, prevencion de its y de cancer de cuello uterino",numero de mujeres con muestras de pap tomadas,2016-04-01,0,7,61,42,10,120
COPACABANA,"anticoncepcion, prevencion de its y de cancer de cuello uterino",numero de mujeres con muestras de pap tomadas,2016-04-01,0,0,1,0,0,1
CORIPATA,"anticoncepcion, prevencion de its y de cancer de cuello uterino",numero de mujeres con muestras de pap tomadas,2016-04-01,0,1,12,2,0,15
CORO CORO,"anticoncepcion, prevencion de its y de cancer de cuello uterino",numero de mujeres con muestras de pap tomadas,2016-04-01,0,1,2,0,0,3
COROICO,"anticoncepcion, prevencion de its y de cancer de cuello uterino",numero de mujeres con muestras de pap tomadas,2016-04-01,0,8,21,5,1,35
CORQUE,"anticoncepcion, prevencion de its y de cancer de cuello uterino",numero de mujeres con muestras de pap tomadas,2016-04-01,0,0,12,16,5,33
COTAGAITA,"anticoncepcion, prevencion de its y de cancer de cuello uterino",numero de mujeres con muestras de pap tomadas,2016-04-01,0,5,27,9,2,43
COTOCA,"anticoncepcion, prevencion de its y de cancer de cuello uterino",numero de mujeres con muestras de pap tomadas,2016-04-01,0,18,131,73,18,240
CRUZ DE MACHACAMARCA,"anticoncepcion, prevencion de its y de cancer de cuello uterino",numero de mujeres con muestras de pap tomadas,2016-04-01,0,0,0,0,3,3
CUATRO CAÑADAS,"anticoncepcion, prevencion de its y de cancer de cuello uterino",numero de mujeres con muestras de pap tomadas,2016-04-01,0,1,6,6,0,13
CUCHUMUELA (V. G. VILLARROEL),"anticoncepcion, prevencion de its y de cancer de cuello uterino",numero de mujeres con muestras de pap tomadas,2016-04-01,0,0,0,1,0,1
CUEVO,"anticoncepcion, prevencion de its y de cancer de cuello uterino",numero de mujeres con muestras de pap tomadas,2016-04-01,0,0,4,6,2,12
CULPINA,"anticoncepcion, prevencion de its y de cancer de cuello uterino",numero de mujeres con muestras de pap tomadas,2016-04-01,0,5,30,27,5,67
CURAHUARA DE CARANGAS,"anticoncepcion, prevencion de its y de cancer de cuello uterino",numero de mujeres con muestras de pap tomadas,2016-04-01,0,0,5,1,5,11
CURVA,"anticoncepcion, prevencion de its y de cancer de cuello uterino",numero de mujeres con muestras de pap tomadas,2016-04-01,0,0,2,1,1,4
DESAGUADERO,"anticoncepcion, prevencion de its y de cancer de cuello uterino",numero de mujeres con muestras de pap tomadas,2016-04-01,0,0,5,5,0,10
EL ALTO,"anticoncepcion, prevencion de its y de cancer de cuello uterino",numero de mujeres con muestras de pap tomadas,2016-04-01,1,223,2185,1565,539,4513
EL PUENTE(STC),"anticoncepcion, prevencion de its y de cancer de cuello uterino",numero de mujeres con muestras de pap tomadas,2016-04-01,0,5,29,20,7,61
EL PUENTE(TJA),"anticoncepcion, prevencion de its y de cancer de cuello uterino",numero de mujeres con muestras de pap tomadas,2016-04-01,0,1,2,6,1,10
EL TORNO,"anticoncepcion, prevencion de its y de cancer de cuello uterino",numero de mujeres con muestras de pap tomadas,2016-04-01,0,19,154,98,24,295
EL VILLAR,"anticoncepcion, prevencion de its y de cancer de cuello uterino",numero de mujeres con muestras de pap tomadas,2016-04-01,0,4,14,18,1,37
ENTRE RIOS TRJ,"anticoncepcion, prevencion de its y de cancer de cuello uterino",numero de mujeres con muestras de pap tomadas,2016-04-01,0,7,61,46,19,133
ENTRE RIOS CBBA,"anticoncepcion, prevencion de its y de cancer de cuello uterino",numero de mujeres con muestras de pap tomadas,2016-04-01,0,3,11,5,0,19
ESCARA,"anticoncepcion, prevencion de its y de cancer de cuello uterino",numero de mujeres con muestras de pap tomadas,2016-04-01,0,0,0,1,2,3
ESCOMA,"anticoncepcion, prevencion de its y de cancer de cuello uterino",numero de mujeres con muestras de pap tomadas,2016-04-01,0,0,1,1,0,2
ESMERALDA,"anticoncepcion, prevencion de its y de cancer de cuello uterino",numero de mujeres con muestras de pap tomadas,2016-04-01,0,0,0,0,2,2
FERNANDEZ ALONSO,"anticoncepcion, prevencion de its y de cancer de cuello uterino",numero de mujeres con muestras de pap tomadas,2016-04-01,0,1,15,9,0,25
FILADELFIA,"anticoncepcion, prevencion de its y de cancer de cuello uterino",numero de mujeres con muestras de pap tomadas,2016-04-01,0,3,2,1,0,6
GENERAL SAAVEDRA,"anticoncepcion, prevencion de its y de cancer de cuello uterino",numero de mujeres con muestras de pap tomadas,2016-04-01,0,1,13,8,3,25
GRAL. J.J. PEREZ (CHARAZANI),"anticoncepcion, prevencion de its y de cancer de cuello uterino",numero de mujeres con muestras de pap tomadas,2016-04-01,0,4,7,3,0,14
GUANAY,"anticoncepcion, prevencion de its y de cancer de cuello uterino",numero de mujeres con muestras de pap tomadas,2016-04-01,0,14,93,23,4,134
GUAQUI,"anticoncepcion, prevencion de its y de cancer de cuello uterino",numero de mujeres con muestras de pap tomadas,2016-04-01,0,3,10,3,1,17
GUAYARAMERIN,"anticoncepcion, prevencion de its y de cancer de cuello uterino",numero de mujeres con muestras de pap tomadas,2016-04-01,2,10,72,28,5,117
GUTIERREZ,"anticoncepcion, prevencion de its y de cancer de cuello uterino",numero de mujeres con muestras de pap tomadas,2016-04-01,0,4,21,15,0,40
HUACARETA,"anticoncepcion, prevencion de its y de cancer de cuello uterino",numero de mujeres con muestras de pap tomadas,2016-04-01,0,4,21,23,15,63
HUACAYA (VILLA DE HUACAYA),"anticoncepcion, prevencion de its y de cancer de cuello uterino",numero de mujeres con muestras de pap tomadas,2016-04-01,0,1,17,8,3,29
HUACHACALLA,"anticoncepcion, prevencion de its y de cancer de cuello uterino",numero de mujeres con muestras de pap tomadas,2016-04-01,0,1,2,1,0,4
HUANUNI,"anticoncepcion, prevencion de its y de cancer de cuello uterino",numero de mujeres con muestras de pap tomadas,2016-04-01,0,0,18,19,4,41
HUARINA,"anticoncepcion, prevencion de its y de cancer de cuello uterino",numero de mujeres con muestras de pap tomadas,2016-04-01,0,0,0,1,0,1
HUATAJATA,"anticoncepcion, prevencion de its y de cancer de cuello uterino",numero de mujeres con muestras de pap tomadas,2016-04-01,0,0,4,2,0,6
ICHOCA,"anticoncepcion, prevencion de its y de cancer de cuello uterino",numero de mujeres con muestras de pap tomadas,2016-04-01,0,2,3,1,0,6
ICLA,"anticoncepcion, prevencion de its y de cancer de cuello uterino",numero de mujeres con muestras de pap tomadas,2016-04-01,0,3,40,66,41,150
INCAHUASI,"anticoncepcion, prevencion de its y de cancer de cuello uterino",numero de mujeres con muestras de pap tomadas,2016-04-01,0,5,58,45,7,115
INQUISIVI,"anticoncepcion, prevencion de its y de cancer de cuello uterino",numero de mujeres con muestras de pap tomadas,2016-04-01,0,1,7,9,3,20
IRUPANA (VILLA DE LANZA),"anticoncepcion, prevencion de its y de cancer de cuello uterino",numero de mujeres con muestras de pap tomadas,2016-04-01,0,3,39,9,1,52
JESUS DE MACHACA,"anticoncepcion, prevencion de its y de cancer de cuello uterino",numero de mujeres con muestras de pap tomadas,2016-04-01,0,1,6,2,8,17
LA ASUNTA,"anticoncepcion, prevencion de its y de cancer de cuello uterino",numero de mujeres con muestras de pap tomadas,2016-04-01,0,7,64,17,2,90
LA GUARDIA,"anticoncepcion, prevencion de its y de cancer de cuello uterino",numero de mujeres con muestras de pap tomadas,2016-04-01,3,42,179,86,43,353
LA PAZ,"anticoncepcion, prevencion de its y de cancer de cuello uterino",numero de mujeres con muestras de pap tomadas,2016-04-01,4,136,1781,1441,685,4047
LAGUNILLAS,"anticoncepcion, prevencion de its y de cancer de cuello uterino",numero de mujeres con muestras de pap tomadas,2016-04-01,0,0,1,2,0,3
LAJA,"anticoncepcion, prevencion de its y de cancer de cuello uterino",numero de mujeres con muestras de pap tomadas,2016-04-01,1,1,11,3,4,20
LAS CARRERAS,"anticoncepcion, prevencion de its y de cancer de cuello uterino",numero de mujeres con muestras de pap tomadas,2016-04-01,0,2,5,7,2,16
LLALLAGUA,"anticoncepcion, prevencion de its y de cancer de cuello uterino",numero de mujeres con muestras de pap tomadas,2016-04-01,0,2,13,5,2,22
LLICA,"anticoncepcion, prevencion de its y de cancer de cuello uterino",numero de mujeres con muestras de pap tomadas,2016-04-01,0,0,6,1,0,7
LURIBAY,"anticoncepcion, prevencion de its y de cancer de cuello uterino",numero de mujeres con muestras de pap tomadas,2016-04-01,0,3,20,17,6,46
MACHACAMARCA,"anticoncepcion, prevencion de its y de cancer de cuello uterino",numero de mujeres con muestras de pap tomadas,2016-04-01,0,0,4,2,2,8
MACHARETI,"anticoncepcion, prevencion de its y de cancer de cuello uterino",numero de mujeres con muestras de pap tomadas,2016-04-01,0,10,42,8,1,61
MAIRANA,"anticoncepcion, prevencion de its y de cancer de cuello uterino",numero de mujeres con muestras de pap tomadas,2016-04-01,0,3,3,8,2,16
MALLA,"anticoncepcion, prevencion de its y de cancer de cuello uterino",numero de mujeres con muestras de pap tomadas,2016-04-01,0,1,6,6,2,15
MAPIRI,"anticoncepcion, prevencion de its y de cancer de cuello uterino",numero de mujeres con muestras de pap tomadas,2016-04-01,0,1,14,4,0,19
MECAPACA,"anticoncepcion, prevencion de its y de cancer de cuello uterino",numero de mujeres con muestras de pap tomadas,2016-04-01,0,2,10,4,0,16
MINEROS,"anticoncepcion, prevencion de its y de cancer de cuello uterino",numero de mujeres con muestras de pap tomadas,2016-04-01,0,23,34,18,7,82
MIZQUE,"anticoncepcion, prevencion de its y de cancer de cuello uterino",numero de mujeres con muestras de pap tomadas,2016-04-01,0,3,24,16,2,45
MOCOMOCO,"anticoncepcion, prevencion de its y de cancer de cuello uterino",numero de mujeres con muestras de pap tomadas,2016-04-01,0,0,5,5,5,15
MOJOCOYA,"anticoncepcion, prevencion de its y de cancer de cuello uterino",numero de mujeres con muestras de pap tomadas,2016-04-01,0,5,27,26,12,70
MONTEAGUDO,"anticoncepcion, prevencion de its y de cancer de cuello uterino",numero de mujeres con muestras de pap tomadas,2016-04-01,1,5,67,59,26,158
MONTERO,"anticoncepcion, prevencion de its y de cancer de cuello uterino",numero de mujeres con muestras de pap tomadas,2016-04-01,6,27,192,97,28,350
MORO MORO,"anticoncepcion, prevencion de its y de cancer de cuello uterino",numero de mujeres con muestras de pap tomadas,2016-04-01,0,2,5,11,4,22
MOROCHATA,"anticoncepcion, prevencion de its y de cancer de cuello uterino",numero de mujeres con muestras de pap tomadas,2016-04-01,0,1,3,2,0,6
NACEBE (SANTA ROSA DEL ABUNA),"anticoncepcion, prevencion de its y de cancer de cuello uterino",numero de mujeres con muestras de pap tomadas,2016-04-01,0,0,2,0,0,2
OCURI,"anticoncepcion, prevencion de its y de cancer de cuello uterino",numero de mujeres con muestras de pap tomadas,2016-04-01,0,0,13,11,1,25
OKINAWA,"anticoncepcion, prevencion de its y de cancer de cuello uterino",numero de mujeres con muestras de pap tomadas,2016-04-01,0,0,6,5,0,11
OMEREQUE,"anticoncepcion, prevencion de its y de cancer de cuello uterino",numero de mujeres con muestras de pap tomadas,2016-04-01,0,0,4,3,0,7
ORURO,"anticoncepcion, prevencion de its y de cancer de cuello uterino",numero de mujeres con muestras de pap tomadas,2016-04-01,1,48,691,366,133,1239
PADCAYA,"anticoncepcion, prevencion de its y de cancer de cuello uterino",numero de mujeres con muestras de pap tomadas,2016-04-01,0,8,18,11,8,45
PADILLA,"anticoncepcion, prevencion de its y de cancer de cuello uterino",numero de mujeres con muestras de pap tomadas,2016-04-01,0,5,21,33,11,70
PAILON,"anticoncepcion, prevencion de its y de cancer de cuello uterino",numero de mujeres con muestras de pap tomadas,2016-04-01,0,10,14,3,0,27
PALCA,"anticoncepcion, prevencion de its y de cancer de cuello uterino",numero de mujeres con muestras de pap tomadas,2016-04-01,0,0,20,22,7,49
PALOS BLANCOS,"anticoncepcion, prevencion de its y de cancer de cuello uterino",numero de mujeres con muestras de pap tomadas,2016-04-01,2,13,84,60,20,179
PAMPA AULLAGAS,"anticoncepcion, prevencion de its y de cancer de cuello uterino",numero de mujeres con muestras de pap tomadas,2016-04-01,0,1,1,3,0,5
PAMPA GRANDE,"anticoncepcion, prevencion de its y de cancer de cuello uterino",numero de mujeres con muestras de pap tomadas,2016-04-01,0,3,6,4,0,13
PAPEL PAMPA,"anticoncepcion, prevencion de its y de cancer de cuello uterino",numero de mujeres con muestras de pap tomadas,2016-04-01,0,3,13,5,0,21
PASORAPA,"anticoncepcion, prevencion de its y de cancer de cuello uterino",numero de mujeres con muestras de pap tomadas,2016-04-01,0,0,5,1,1,7
PATACAMAYA,"anticoncepcion, prevencion de its y de cancer de cuello uterino",numero de mujeres con muestras de pap tomadas,2016-04-01,0,2,11,9,3,25
PAZÑA,"anticoncepcion, prevencion de its y de cancer de cuello uterino",numero de mujeres con muestras de pap tomadas,2016-04-01,0,1,3,0,1,5
PELECHUCO,"anticoncepcion, prevencion de its y de cancer de cuello uterino",numero de mujeres con muestras de pap tomadas,2016-04-01,0,1,12,2,1,16
POCOATA,"anticoncepcion, prevencion de its y de cancer de cuello uterino",numero de mujeres con muestras de pap tomadas,2016-04-01,1,7,17,26,6,57
POCONA,"anticoncepcion, prevencion de its y de cancer de cuello uterino",numero de mujeres con muestras de pap tomadas,2016-04-01,0,1,12,11,1,25
POJO (CBBA),"anticoncepcion, prevencion de its y de cancer de cuello uterino",numero de mujeres con muestras de pap tomadas,2016-04-01,0,0,8,6,0,14
PORCO,"anticoncepcion, prevencion de its y de cancer de cuello uterino",numero de mujeres con muestras de pap tomadas,2016-04-01,0,1,11,4,0,16
POROMA,"anticoncepcion, prevencion de its y de cancer de cuello uterino",numero de mujeres con muestras de pap tomadas,2016-04-01,0,24,79,75,14,192
PORONGO,"anticoncepcion, prevencion de its y de cancer de cuello uterino",numero de mujeres con muestras de pap tomadas,2016-04-01,1,0,12,14,2,29
PORTACHUELO,"anticoncepcion, prevencion de its y de cancer de cuello uterino",numero de mujeres con muestras de pap tomadas,2016-04-01,0,8,57,31,14,110
PORVENIR,"anticoncepcion, prevencion de its y de cancer de cuello uterino",numero de mujeres con muestras de pap tomadas,2016-04-01,0,0,0,0,1,1
POSTRER VALLE,"anticoncepcion, prevencion de its y de cancer de cuello uterino",numero de mujeres con muestras de pap tomadas,2016-04-01,0,1,2,1,2,6
POTOSI,"anticoncepcion, prevencion de its y de cancer de cuello uterino",numero de mujeres con muestras de pap tomadas,2016-04-01,0,38,417,304,81,840
PRESTO,"anticoncepcion, prevencion de its y de cancer de cuello uterino",numero de mujeres con muestras de pap tomadas,2016-04-01,1,11,40,35,6,93
PUCARA,"anticoncepcion, prevencion de its y de cancer de cuello uterino",numero de mujeres con muestras de pap tomadas,2016-04-01,0,0,6,9,3,18
PUCARANI,"anticoncepcion, prevencion de its y de cancer de cuello uterino",numero de mujeres con muestras de pap tomadas,2016-04-01,0,3,13,9,0,25
PUERTO ACOSTA,"anticoncepcion, prevencion de its y de cancer de cuello uterino",numero de mujeres con muestras de pap tomadas,2016-04-01,0,3,3,2,4,12
PUERTO CARABUCO,"anticoncepcion, prevencion de its y de cancer de cuello uterino",numero de mujeres con muestras de pap tomadas,2016-04-01,0,1,5,0,2,8
PUERTO GONZALO MORENO,"anticoncepcion, prevencion de its y de cancer de cuello uterino",numero de mujeres con muestras de pap tomadas,2016-04-01,1,10,17,7,2,37
PUERTO QUIJARRO,"anticoncepcion, prevencion de its y de cancer de cuello uterino",numero de mujeres con muestras de pap tomadas,2016-04-01,0,15,34,5,2,56
PUERTO RICO,"anticoncepcion, prevencion de its y de cancer de cuello uterino",numero de mujeres con muestras de pap tomadas,2016-04-01,0,3,5,1,0,9
PUERTO SUAREZ,"anticoncepcion, prevencion de its y de cancer de cuello uterino",numero de mujeres con muestras de pap tomadas,2016-04-01,1,7,35,31,5,79
PUERTO VILLARROEL,"anticoncepcion, prevencion de its y de cancer de cuello uterino",numero de mujeres con muestras de pap tomadas,2016-04-01,0,14,82,41,11,148
PUNA,"anticoncepcion, prevencion de its y de cancer de cuello uterino",numero de mujeres con muestras de pap tomadas,2016-04-01,0,13,55,46,29,143
PUNATA,"anticoncepcion, prevencion de its y de cancer de cuello uterino",numero de mujeres con muestras de pap tomadas,2016-04-01,0,3,43,47,32,125
QUILLACOLLO,"anticoncepcion, prevencion de its y de cancer de cuello uterino",numero de mujeres con muestras de pap tomadas,2016-04-01,0,32,260,129,55,476
QUIME,"anticoncepcion, prevencion de its y de cancer de cuello uterino",numero de mujeres con muestras de pap tomadas,2016-04-01,0,1,2,0,0,3
QUIRUSILLAS,"anticoncepcion, prevencion de its y de cancer de cuello uterino",numero de mujeres con muestras de pap tomadas,2016-04-01,0,1,3,5,1,10
RAVELO,"anticoncepcion, prevencion de its y de cancer de cuello uterino",numero de mujeres con muestras de pap tomadas,2016-04-01,0,3,8,15,4,30
REYES,"anticoncepcion, prevencion de its y de cancer de cuello uterino",numero de mujeres con muestras de pap tomadas,2016-04-01,0,0,1,0,2,3
RIBERALTA,"anticoncepcion, prevencion de its y de cancer de cuello uterino",numero de mujeres con muestras de pap tomadas,2016-04-01,6,80,314,72,21,493
ROBORE,"anticoncepcion, prevencion de its y de cancer de cuello uterino",numero de mujeres con muestras de pap tomadas,2016-04-01,0,2,9,5,1,17
RURRENABAQUE,"anticoncepcion, prevencion de its y de cancer de cuello uterino",numero de mujeres con muestras de pap tomadas,2016-04-01,0,0,3,5,3,11
SABAYA,"anticoncepcion, prevencion de its y de cancer de cuello uterino",numero de mujeres con muestras de pap tomadas,2016-04-01,0,2,3,0,0,5
SACABA,"anticoncepcion, prevencion de its y de cancer de cuello uterino",numero de mujeres con muestras de pap tomadas,2016-04-01,0,46,263,130,66,505
SACABAMBA,"anticoncepcion, prevencion de its y de cancer de cuello uterino",numero de mujeres con muestras de pap tomadas,2016-04-01,0,1,7,2,2,12
SACACA,"anticoncepcion, prevencion de its y de cancer de cuello uterino",numero de mujeres con muestras de pap tomadas,2016-04-01,0,4,47,8,4,63
SAIPINA,"anticoncepcion, prevencion de its y de cancer de cuello uterino",numero de mujeres con muestras de pap tomadas,2016-04-01,0,1,11,3,1,16
SALINAS DE GARCI MENDOZA,"anticoncepcion, prevencion de its y de cancer de cuello uterino",numero de mujeres con muestras de pap tomadas,2016-04-01,0,0,5,3,5,13
SAMAIPATA,"anticoncepcion, prevencion de its y de cancer de cuello uterino",numero de mujeres con muestras de pap tomadas,2016-04-01,0,3,37,20,5,65
SAN AGUSTIN,"anticoncepcion, prevencion de its y de cancer de cuello uterino",numero de mujeres con muestras de pap tomadas,2016-04-01,0,0,3,4,1,8
SAN ANDRES,"anticoncepcion, prevencion de its y de cancer de cuello uterino",numero de mujeres con muestras de pap tomadas,2016-04-01,0,2,8,2,2,14
SAN ANDRES DE MACHACA,"anticoncepcion, prevencion de its y de cancer de cuello uterino",numero de mujeres con muestras de pap tomadas,2016-04-01,0,4,13,2,1,20
SAN ANTONIO DE LOMERIO,"anticoncepcion, prevencion de its y de cancer de cuello uterino",numero de mujeres con muestras de pap tomadas,2016-04-01,1,7,23,28,5,64
SAN BENITO,"anticoncepcion, prevencion de its y de cancer de cuello uterino",numero de mujeres con muestras de pap tomadas,2016-04-01,0,1,7,3,1,12
SAN BORJA,"anticoncepcion, prevencion de its y de cancer de cuello uterino",numero de mujeres con muestras de pap tomadas,2016-04-01,0,0,2,2,0,4
SAN BUENA VENTURA,"anticoncepcion, prevencion de its y de cancer de cuello uterino",numero de mujeres con muestras de pap tomadas,2016-04-01,0,2,67,36,13,118
SAN CARLOS,"anticoncepcion, prevencion de its y de cancer de cuello uterino",numero de mujeres con muestras de pap tomadas,2016-04-01,0,33,42,8,5,88
SAN IGNACIO,"anticoncepcion, prevencion de its y de cancer de cuello uterino",numero de mujeres con muestras de pap tomadas,2016-04-01,0,3,36,52,24,115
SAN IGNACIO DE VELASCO,"anticoncepcion, prevencion de its y de cancer de cuello uterino",numero de mujeres con muestras de pap tomadas,2016-04-01,2,15,69,26,2,114
SAN JAVIER(STC),"anticoncepcion, prevencion de its y de cancer de cuello uterino",numero de mujeres con muestras de pap tomadas,2016-04-01,0,6,17,7,4,34
SAN JOAQUIN,"anticoncepcion, prevencion de its y de cancer de cuello uterino",numero de mujeres con muestras de pap tomadas,2016-04-01,0,0,4,1,0,5
SAN JOSE DE CHIQUITOS,"anticoncepcion, prevencion de its y de cancer de cuello uterino",numero de mujeres con muestras de pap tomadas,2016-04-01,1,12,21,10,0,44
SAN JUAN DE YAPACANI,"anticoncepcion, prevencion de its y de cancer de cuello uterino",numero de mujeres con muestras de pap tomadas,2016-04-01,3,9,38,18,9,77
SAN JULIAN,"anticoncepcion, prevencion de its y de cancer de cuello uterino",numero de mujeres con muestras de pap tomadas,2016-04-01,0,13,101,46,19,179
SAN LORENZO(PND),"anticoncepcion, prevencion de its y de cancer de cuello uterino",numero de mujeres con muestras de pap tomadas,2016-04-01,0,3,3,2,1,9
SAN LORENZO(TJA),"anticoncepcion, prevencion de its y de cancer de cuello uterino",numero de mujeres con muestras de pap tomadas,2016-04-01,0,0,17,13,4,34
SAN LUCAS,"anticoncepcion, prevencion de its y de cancer de cuello uterino",numero de mujeres con muestras de pap tomadas,2016-04-01,0,21,62,41,6,130
SAN MATIAS,"anticoncepcion, prevencion de its y de cancer de cuello uterino",numero de mujeres con muestras de pap tomadas,2016-04-01,0,0,5,2,0,7
SAN MIGUEL DE VELASCO,"anticoncepcion, prevencion de its y de cancer de cuello uterino",numero de mujeres con muestras de pap tomadas,2016-04-01,0,2,6,2,0,10
SAN PABLO DE LIPEZ,"anticoncepcion, prevencion de its y de cancer de cuello uterino",numero de mujeres con muestras de pap tomadas,2016-04-01,0,0,1,1,0,2
SAN PEDRO,"anticoncepcion, prevencion de its y de cancer de cuello uterino",numero de mujeres con muestras de pap tomadas,2016-04-01,0,0,15,8,2,25
SAN PEDRO DE BUENA VISTA,"anticoncepcion, prevencion de its y de cancer de cuello uterino",numero de mujeres con muestras de pap tomadas,2016-04-01,0,5,15,7,0,27
SAN PEDRO DE CURAHUARA,"anticoncepcion, prevencion de its y de cancer de cuello uterino",numero de mujeres con muestras de pap tomadas,2016-04-01,0,0,0,1,0,1
SAN PEDRO DE QUEMES,"anticoncepcion, prevencion de its y de cancer de cuello uterino",numero de mujeres con muestras de pap tomadas,2016-04-01,0,0,0,1,0,1
SAN PEDRO DE TIQUINA,"anticoncepcion, prevencion de its y de cancer de cuello uterino",numero de mujeres con muestras de pap tomadas,2016-04-01,0,0,0,1,0,1
SAN RAFAEL,"anticoncepcion, prevencion de its y de cancer de cuello uterino",numero de mujeres con muestras de pap tomadas,2016-04-01,0,1,2,4,0,7
SAN RAMON BENI,"anticoncepcion, prevencion de its y de cancer de cuello uterino",numero de mujeres con muestras de pap tomadas,2016-04-01,0,0,25,4,3,32
SAN RAMON SCZ,"anticoncepcion, prevencion de its y de cancer de cuello uterino",numero de mujeres con muestras de pap tomadas,2016-04-01,0,3,19,9,4,35
SANTA ANA,"anticoncepcion, prevencion de its y de cancer de cuello uterino",numero de mujeres con muestras de pap tomadas,2016-04-01,0,1,4,9,2,16
SANTA CRUZ DE LA SIERRA,"anticoncepcion, prevencion de its y de cancer de cuello uterino",numero de mujeres con muestras de pap tomadas,2016-04-01,19,412,2455,1867,716,5469
SANTA ROSA,"anticoncepcion, prevencion de its y de cancer de cuello uterino",numero de mujeres con muestras de pap tomadas,2016-04-01,0,0,7,5,0,12
SANTA ROSA DEL SARA,"anticoncepcion, prevencion de its y de cancer de cuello uterino",numero de mujeres con muestras de pap tomadas,2016-04-01,0,3,20,14,9,46
SANTIAGO DE HUARI,"anticoncepcion, prevencion de its y de cancer de cuello uterino",numero de mujeres con muestras de pap tomadas,2016-04-01,0,0,14,4,2,20
SANTIAGO DE HUATA,"anticoncepcion, prevencion de its y de cancer de cuello uterino",numero de mujeres con muestras de pap tomadas,2016-04-01,0,0,4,2,2,8
SANTIAGO DE MACHACA,"anticoncepcion, prevencion de its y de cancer de cuello uterino",numero de mujeres con muestras de pap tomadas,2016-04-01,0,1,1,0,0,2
SANTIVAÑES,"anticoncepcion, prevencion de its y de cancer de cuello uterino",numero de mujeres con muestras de pap tomadas,2016-04-01,0,0,3,3,1,7
SANTUARIO DE QUILLACAS,"anticoncepcion, prevencion de its y de cancer de cuello uterino",numero de mujeres con muestras de pap tomadas,2016-04-01,0,1,2,1,0,4
SAPAHAQUI,"anticoncepcion, prevencion de its y de cancer de cuello uterino",numero de mujeres con muestras de pap tomadas,2016-04-01,0,0,3,1,0,4
SENA,"anticoncepcion, prevencion de its y de cancer de cuello uterino",numero de mujeres con muestras de pap tomadas,2016-04-01,0,1,12,8,2,23
SHINAOTA,"anticoncepcion, prevencion de its y de cancer de cuello uterino",numero de mujeres con muestras de pap tomadas,2016-04-01,1,12,25,7,0,45
SICA SICA (VILLA AROMA),"anticoncepcion, prevencion de its y de cancer de cuello uterino",numero de mujeres con muestras de pap tomadas,2016-04-01,0,6,27,9,5,47
SICAYA,"anticoncepcion, prevencion de its y de cancer de cuello uterino",numero de mujeres con muestras de pap tomadas,2016-04-01,0,0,2,2,0,4
SIPE SIPE,"anticoncepcion, prevencion de its y de cancer de cuello uterino",numero de mujeres con muestras de pap tomadas,2016-04-01,0,6,25,15,3,49
SOPACHUY,"anticoncepcion, prevencion de its y de cancer de cuello uterino",numero de mujeres con muestras de pap tomadas,2016-04-01,0,5,13,20,9,47
SORACACHI,"anticoncepcion, prevencion de its y de cancer de cuello uterino",numero de mujeres con muestras de pap tomadas,2016-04-01,0,0,5,2,0,7
SORATA,"anticoncepcion, prevencion de its y de cancer de cuello uterino",numero de mujeres con muestras de pap tomadas,2016-04-01,0,0,11,7,2,20
SUCRE,"anticoncepcion, prevencion de its y de cancer de cuello uterino",numero de mujeres con muestras de pap tomadas,2016-04-01,3,243,1794,908,300,3248
TACACOMA,"anticoncepcion, prevencion de its y de cancer de cuello uterino",numero de mujeres con muestras de pap tomadas,2016-04-01,0,0,3,1,1,5
TACOBAMBA,"anticoncepcion, prevencion de its y de cancer de cuello uterino",numero de mujeres con muestras de pap tomadas,2016-04-01,0,1,5,4,0,10
TACOPAYA,"anticoncepcion, prevencion de its y de cancer de cuello uterino",numero de mujeres con muestras de pap tomadas,2016-04-01,0,1,1,3,0,5
TAPACARI,"anticoncepcion, prevencion de its y de cancer de cuello uterino",numero de mujeres con muestras de pap tomadas,2016-04-01,0,5,15,7,2,29
TARABUCO,"anticoncepcion, prevencion de its y de cancer de cuello uterino",numero de mujeres con muestras de pap tomadas,2016-04-01,0,5,32,33,16,86
TARACO,"anticoncepcion, prevencion de its y de cancer de cuello uterino",numero de mujeres con muestras de pap tomadas,2016-04-01,0,1,10,2,0,13
TARATA,"anticoncepcion, prevencion de its y de cancer de cuello uterino",numero de mujeres con muestras de pap tomadas,2016-04-01,0,2,13,7,1,23
TARIJA,"anticoncepcion, prevencion de its y de cancer de cuello uterino",numero de mujeres con muestras de pap tomadas,2016-04-01,2,53,625,471,160,1311
TARVITA,"anticoncepcion, prevencion de its y de cancer de cuello uterino",numero de mujeres con muestras de pap tomadas,2016-04-01,1,7,46,53,10,117
TEOPONTE,"anticoncepcion, prevencion de its y de cancer de cuello uterino",numero de mujeres con muestras de pap tomadas,2016-04-01,0,8,32,20,9,69
TIAWANACU,"anticoncepcion, prevencion de its y de cancer de cuello uterino",numero de mujeres con muestras de pap tomadas,2016-04-01,0,2,13,5,3,23
TINGUIPAYA,"anticoncepcion, prevencion de its y de cancer de cuello uterino",numero de mujeres con muestras de pap tomadas,2016-04-01,0,3,9,19,9,40
TIPUANI,"anticoncepcion, prevencion de its y de cancer de cuello uterino",numero de mujeres con muestras de pap tomadas,2016-04-01,0,2,4,3,0,9
TIQUIPAYA,"anticoncepcion, prevencion de its y de cancer de cuello uterino",numero de mujeres con muestras de pap tomadas,2016-04-01,1,15,84,31,4,135
TIRAQUE (CBBA),"anticoncepcion, prevencion de its y de cancer de cuello uterino",numero de mujeres con muestras de pap tomadas,2016-04-01,0,5,10,6,1,22
TITO YUPANQUI (PARQUIPUJIO),"anticoncepcion, prevencion de its y de cancer de cuello uterino",numero de mujeres con muestras de pap tomadas,2016-04-01,0,0,1,1,0,2
TOCO,"anticoncepcion, prevencion de its y de cancer de cuello uterino",numero de mujeres con muestras de pap tomadas,2016-04-01,0,3,5,3,1,12
TOLATA,"anticoncepcion, prevencion de its y de cancer de cuello uterino",numero de mujeres con muestras de pap tomadas,2016-04-01,0,5,20,9,4,38
TOLEDO,"anticoncepcion, prevencion de its y de cancer de cuello uterino",numero de mujeres con muestras de pap tomadas,2016-04-01,0,0,1,3,1,5
TOMAVE,"anticoncepcion, prevencion de its y de cancer de cuello uterino",numero de mujeres con muestras de pap tomadas,2016-04-01,1,6,22,19,3,51
TOMINA,"anticoncepcion, prevencion de its y de cancer de cuello uterino",numero de mujeres con muestras de pap tomadas,2016-04-01,0,2,20,35,11,68
TORO TORO,"anticoncepcion, prevencion de its y de cancer de cuello uterino",numero de mujeres con muestras de pap tomadas,2016-04-01,0,8,32,19,5,64
TOTORA(CBBA),"anticoncepcion, prevencion de its y de cancer de cuello uterino",numero de mujeres con muestras de pap tomadas,2016-04-01,0,10,34,11,0,55
TOTORA(ORR),"anticoncepcion, prevencion de its y de cancer de cuello uterino",numero de mujeres con muestras de pap tomadas,2016-04-01,0,2,13,15,4,34
TRIGAL,"anticoncepcion, prevencion de its y de cancer de cuello uterino",numero de mujeres con muestras de pap tomadas,2016-04-01,0,0,5,3,0,8
TRINIDAD,"anticoncepcion, prevencion de its y de cancer de cuello uterino",numero de mujeres con muestras de pap tomadas,2016-04-01,2,12,136,78,25,253
TUPIZA,"anticoncepcion, prevencion de its y de cancer de cuello uterino",numero de mujeres con muestras de pap tomadas,2016-04-01,0,12,106,70,42,230
TURCO,"anticoncepcion, prevencion de its y de cancer de cuello uterino",numero de mujeres con muestras de pap tomadas,2016-04-01,0,0,2,4,1,7
UMALA,"anticoncepcion, prevencion de its y de cancer de cuello uterino",numero de mujeres con muestras de pap tomadas,2016-04-01,0,3,2,1,1,7
UNCIA,"anticoncepcion, prevencion de its y de cancer de cuello uterino",numero de mujeres con muestras de pap tomadas,2016-04-01,0,0,4,4,0,8
URIONDO (A. CONCEPCION),"anticoncepcion, prevencion de its y de cancer de cuello uterino",numero de mujeres con muestras de pap tomadas,2016-04-01,0,1,6,1,1,9
URUBICHA,"anticoncepcion, prevencion de its y de cancer de cuello uterino",numero de mujeres con muestras de pap tomadas,2016-04-01,0,2,18,7,0,27
UYUNI,"anticoncepcion, prevencion de its y de cancer de cuello uterino",numero de mujeres con muestras de pap tomadas,2016-04-01,0,2,17,9,5,33
VACAS,"anticoncepcion, prevencion de its y de cancer de cuello uterino",numero de mujeres con muestras de pap tomadas,2016-04-01,0,0,4,3,2,9
VALLEGRANDE,"anticoncepcion, prevencion de its y de cancer de cuello uterino",numero de mujeres con muestras de pap tomadas,2016-04-01,2,17,68,50,17,154
VIACHA,"anticoncepcion, prevencion de its y de cancer de cuello uterino",numero de mujeres con muestras de pap tomadas,2016-04-01,2,8,87,81,29,207
VILLA CHARCAS,"anticoncepcion, prevencion de its y de cancer de cuello uterino",numero de mujeres con muestras de pap tomadas,2016-04-01,0,10,56,40,2,108
VILLA MONTES,"anticoncepcion, prevencion de its y de cancer de cuello uterino",numero de mujeres con muestras de pap tomadas,2016-04-01,0,18,144,69,29,260
VILLA RIVERO,"anticoncepcion, prevencion de its y de cancer de cuello uterino",numero de mujeres con muestras de pap tomadas,2016-04-01,1,1,7,3,0,12
VILLA SERRANO,"anticoncepcion, prevencion de its y de cancer de cuello uterino",numero de mujeres con muestras de pap tomadas,2016-04-01,0,9,71,90,49,219
VILLA TUNARI,"anticoncepcion, prevencion de its y de cancer de cuello uterino",numero de mujeres con muestras de pap tomadas,2016-04-01,0,9,39,26,8,82
VILLA VACA GUZMAN (MUYUPAMPA),"anticoncepcion, prevencion de its y de cancer de cuello uterino",numero de mujeres con muestras de pap tomadas,2016-04-01,0,12,35,36,11,94
VILLAZON,"anticoncepcion, prevencion de its y de cancer de cuello uterino",numero de mujeres con muestras de pap tomadas,2016-04-01,0,16,121,64,22,223
VINTO,"anticoncepcion, prevencion de its y de cancer de cuello uterino",numero de mujeres con muestras de pap tomadas,2016-04-01,0,9,42,11,2,64
VITICHI,"anticoncepcion, prevencion de its y de cancer de cuello uterino",numero de mujeres con muestras de pap tomadas,2016-04-01,0,0,4,5,4,13
WALDO BALLIVIAN,"anticoncepcion, prevencion de its y de cancer de cuello uterino",numero de mujeres con muestras de pap tomadas,2016-04-01,0,0,0,1,2,3
WARNES,"anticoncepcion, prevencion de its y de cancer de cuello uterino",numero de mujeres con muestras de pap tomadas,2016-04-01,2,39,141,52,13,247
YACO,"anticoncepcion, prevencion de its y de cancer de cuello uterino",numero de mujeres con muestras de pap tomadas,2016-04-01,0,1,4,2,0,7
YACUIBA,"anticoncepcion, prevencion de its y de cancer de cuello uterino",numero de mujeres con muestras de pap tomadas,2016-04-01,1,11,99,71,36,218
YAMPARAEZ,"anticoncepcion, prevencion de its y de cancer de cuello uterino",numero de mujeres con muestras de pap tomadas,2016-04-01,0,8,27,25,17,77
YANACACHI,"anticoncepcion, prevencion de its y de cancer de cuello uterino",numero de mujeres con muestras de pap tomadas,2016-04-01,0,1,9,1,2,13
YAPACANI,"anticoncepcion, prevencion de its y de cancer de cuello uterino",numero de mujeres con muestras de pap tomadas,2016-04-01,0,22,75,48,6,151
YOCALLA,"anticoncepcion, prevencion de its y de cancer de cuello uterino",numero de mujeres con muestras de pap tomadas,2016-04-01,0,0,8,6,0,14
YOTALA,"anticoncepcion, prevencion de its y de cancer de cuello uterino",numero de mujeres con muestras de pap tomadas,2016-04-01,0,1,1,3,0,5
YUNCHARA,"anticoncepcion, prevencion de its y de cancer de cuello uterino",numero de mujeres con muestras de pap tomadas,2016-04-01,0,0,1,1,1,3
ZUDAÑEZ,"anticoncepcion, prevencion de its y de cancer de cuello uterino",numero de mujeres con muestras de pap tomadas,2016-04-01,1,6,29,15,1,52
ACACIO,"anticoncepcion, prevencion de its y de cancer de cuello uterino",numero de mujeres con muestras de pap tomadas,2016-05-01,0,1,6,5,0,12
ACHACACHI,"anticoncepcion, prevencion de its y de cancer de cuello uterino",numero de mujeres con muestras de pap tomadas,2016-05-01,0,10,41,17,5,73
ACHOCALLA,"anticoncepcion, prevencion de its y de cancer de cuello uterino",numero de mujeres con muestras de pap tomadas,2016-05-01,0,6,53,20,9,88
AIQUILE,"anticoncepcion, prevencion de its y de cancer de cuello uterino",numero de mujeres con muestras de pap tomadas,2016-05-01,0,12,36,13,11,72
ALCALA,"anticoncepcion, prevencion de its y de cancer de cuello uterino",numero de mujeres con muestras de pap tomadas,2016-05-01,0,7,25,22,14,68
ALTO BENI,"anticoncepcion, prevencion de its y de cancer de cuello uterino",numero de mujeres con muestras de pap tomadas,2016-05-01,0,3,27,20,13,63
ANCORAIMES,"anticoncepcion, prevencion de its y de cancer de cuello uterino",numero de mujeres con muestras de pap tomadas,2016-05-01,0,1,5,1,3,10
ANDAMARCA,"anticoncepcion, prevencion de its y de cancer de cuello uterino",numero de mujeres con muestras de pap tomadas,2016-05-01,0,0,8,3,1,12
ANTEQUERA,"anticoncepcion, prevencion de its y de cancer de cuello uterino",numero de mujeres con muestras de pap tomadas,2016-05-01,0,0,2,0,0,2
ANZALDO,"anticoncepcion, prevencion de its y de cancer de cuello uterino",numero de mujeres con muestras de pap tomadas,2016-05-01,0,0,2,1,0,3
APOLO,"anticoncepcion, prevencion de its y de cancer de cuello uterino",numero de mujeres con muestras de pap tomadas,2016-05-01,0,2,17,18,6,43
ARAMPAMPA,"anticoncepcion, prevencion de its y de cancer de cuello uterino",numero de mujeres con muestras de pap tomadas,2016-05-01,0,3,11,14,0,28
ARANI,"anticoncepcion, prevencion de its y de cancer de cuello uterino",numero de mujeres con muestras de pap tomadas,2016-05-01,0,2,14,3,0,19
ARBIETO,"anticoncepcion, prevencion de its y de cancer de cuello uterino",numero de mujeres con muestras de pap tomadas,2016-05-01,0,7,45,14,5,71
ARQUE,"anticoncepcion, prevencion de its y de cancer de cuello uterino",numero de mujeres con muestras de pap tomadas,2016-05-01,0,1,2,0,0,3
ASCENCION DE GUARAYOS,"anticoncepcion, prevencion de its y de cancer de cuello uterino",numero de mujeres con muestras de pap tomadas,2016-05-01,4,16,70,24,6,120
ATOCHA,"anticoncepcion, prevencion de its y de cancer de cuello uterino",numero de mujeres con muestras de pap tomadas,2016-05-01,0,10,43,43,11,107
AUCAPATA,"anticoncepcion, prevencion de its y de cancer de cuello uterino",numero de mujeres con muestras de pap tomadas,2016-05-01,1,0,12,11,0,24
AYATA,"anticoncepcion, prevencion de its y de cancer de cuello uterino",numero de mujeres con muestras de pap tomadas,2016-05-01,0,0,5,4,1,10
AYO AYO,"anticoncepcion, prevencion de its y de cancer de cuello uterino",numero de mujeres con muestras de pap tomadas,2016-05-01,0,0,1,0,0,1
AYOPAYA (V. DE INDEPENDENCIA),"anticoncepcion, prevencion de its y de cancer de cuello uterino",numero de mujeres con muestras de pap tomadas,2016-05-01,0,0,7,4,0,11
AZURDUY,"anticoncepcion, prevencion de its y de cancer de cuello uterino",numero de mujeres con muestras de pap tomadas,2016-05-01,0,19,71,49,9,148
BATALLAS,"anticoncepcion, prevencion de its y de cancer de cuello uterino",numero de mujeres con muestras de pap tomadas,2016-05-01,0,6,25,10,9,50
BELEN DE URMIRI,"anticoncepcion, prevencion de its y de cancer de cuello uterino",numero de mujeres con muestras de pap tomadas,2016-05-01,0,0,7,7,9,23
BERMEJO,"anticoncepcion, prevencion de its y de cancer de cuello uterino",numero de mujeres con muestras de pap tomadas,2016-05-01,0,8,87,66,30,191
BETANZOS,"anticoncepcion, prevencion de its y de cancer de cuello uterino",numero de mujeres con muestras de pap tomadas,2016-05-01,0,11,61,65,26,163
BOLIVAR,"anticoncepcion, prevencion de its y de cancer de cuello uterino",numero de mujeres con muestras de pap tomadas,2016-05-01,0,0,2,0,0,2
BOYUIBE,"anticoncepcion, prevencion de its y de cancer de cuello uterino",numero de mujeres con muestras de pap tomadas,2016-05-01,0,0,2,3,0,5
BUENA VISTA,"anticoncepcion, prevencion de its y de cancer de cuello uterino",numero de mujeres con muestras de pap tomadas,2016-05-01,0,4,16,17,1,38
CABEZAS,"anticoncepcion, prevencion de its y de cancer de cuello uterino",numero de mujeres con muestras de pap tomadas,2016-05-01,0,5,65,19,1,90
CAIROMA,"anticoncepcion, prevencion de its y de cancer de cuello uterino",numero de mujeres con muestras de pap tomadas,2016-05-01,0,2,0,1,0,3
"CAIZA ""D""","anticoncepcion, prevencion de its y de cancer de cuello uterino",numero de mujeres con muestras de pap tomadas,2016-05-01,0,6,19,9,8,42
CALACOTO,"anticoncepcion, prevencion de its y de cancer de cuello uterino",numero de mujeres con muestras de pap tomadas,2016-05-01,0,0,5,7,6,18
CALAMARCA,"anticoncepcion, prevencion de its y de cancer de cuello uterino",numero de mujeres con muestras de pap tomadas,2016-05-01,0,1,23,7,1,32
CAMARGO,"anticoncepcion, prevencion de its y de cancer de cuello uterino",numero de mujeres con muestras de pap tomadas,2016-05-01,0,6,23,16,14,59
CAMATAQUI (C. VILLA ABECIA),"anticoncepcion, prevencion de its y de cancer de cuello uterino",numero de mujeres con muestras de pap tomadas,2016-05-01,0,1,10,5,6,22
CAMIRI,"anticoncepcion, prevencion de its y de cancer de cuello uterino",numero de mujeres con muestras de pap tomadas,2016-05-01,0,0,11,9,6,26
CAPINOTA,"anticoncepcion, prevencion de its y de cancer de cuello uterino",numero de mujeres con muestras de pap tomadas,2016-05-01,0,11,49,14,4,78
CAQUIAVIRI,"anticoncepcion, prevencion de its y de cancer de cuello uterino",numero de mujeres con muestras de pap tomadas,2016-05-01,0,0,2,2,2,6
CARACOLLO,"anticoncepcion, prevencion de its y de cancer de cuello uterino",numero de mujeres con muestras de pap tomadas,2016-05-01,0,12,65,26,8,111
CARANAVI,"anticoncepcion, prevencion de its y de cancer de cuello uterino",numero de mujeres con muestras de pap tomadas,2016-05-01,1,29,183,97,21,331
CARANGAS,"anticoncepcion, prevencion de its y de cancer de cuello uterino",numero de mujeres con muestras de pap tomadas,2016-05-01,0,0,4,0,0,4
CARAPARI,"anticoncepcion, prevencion de its y de cancer de cuello uterino",numero de mujeres con muestras de pap tomadas,2016-05-01,0,3,25,14,8,50
CARIPUYO,"anticoncepcion, prevencion de its y de cancer de cuello uterino",numero de mujeres con muestras de pap tomadas,2016-05-01,0,8,31,19,2,60
CARMEN RIVERO TORREZ,"anticoncepcion, prevencion de its y de cancer de cuello uterino",numero de mujeres con muestras de pap tomadas,2016-05-01,0,2,6,1,0,9
CATACORA,"anticoncepcion, prevencion de its y de cancer de cuello uterino",numero de mujeres con muestras de pap tomadas,2016-05-01,0,1,3,5,3,12
CHACARILLA,"anticoncepcion, prevencion de its y de cancer de cuello uterino",numero de mujeres con muestras de pap tomadas,2016-05-01,0,0,0,2,0,2
CHALLAPATA,"anticoncepcion, prevencion de its y de cancer de cuello uterino",numero de mujeres con muestras de pap tomadas,2016-05-01,0,0,16,16,3,35
CHAQUI,"anticoncepcion, prevencion de its y de cancer de cuello uterino",numero de mujeres con muestras de pap tomadas,2016-05-01,0,8,24,39,17,88
CHARAGUA,"anticoncepcion, prevencion de its y de cancer de cuello uterino",numero de mujeres con muestras de pap tomadas,2016-05-01,0,4,29,6,0,39
CHAYANTA,"anticoncepcion, prevencion de its y de cancer de cuello uterino",numero de mujeres con muestras de pap tomadas,2016-05-01,0,2,27,25,11,65
CHIMORE,"anticoncepcion, prevencion de its y de cancer de cuello uterino",numero de mujeres con muestras de pap tomadas,2016-05-01,3,21,142,116,75,357
CHIPAYA,"anticoncepcion, prevencion de its y de cancer de cuello uterino",numero de mujeres con muestras de pap tomadas,2016-05-01,0,1,0,0,0,1
CHUA COCANI,"anticoncepcion, prevencion de its y de cancer de cuello uterino",numero de mujeres con muestras de pap tomadas,2016-05-01,1,2,13,2,0,18
CHULUMANI (V. DE LA LIBERTAD),"anticoncepcion, prevencion de its y de cancer de cuello uterino",numero de mujeres con muestras de pap tomadas,2016-05-01,0,4,22,16,10,52
CHUMA,"anticoncepcion, prevencion de its y de cancer de cuello uterino",numero de mujeres con muestras de pap tomadas,2016-05-01,0,4,20,22,8,54
CHUQUIHUTA AYLLU JUCUMANI,"anticoncepcion, prevencion de its y de cancer de cuello uterino",numero de mujeres con muestras de pap tomadas,2016-05-01,1,1,5,5,0,12
CKOCHAS,"anticoncepcion, prevencion de its y de cancer de cuello uterino",numero de mujeres con muestras de pap tomadas,2016-05-01,0,2,20,22,18,62
CLIZA,"anticoncepcion, prevencion de its y de cancer de cuello uterino",numero de mujeres con muestras de pap tomadas,2016-05-01,1,4,21,14,2,42
COBIJA,"anticoncepcion, prevencion de its y de cancer de cuello uterino",numero de mujeres con muestras de pap tomadas,2016-05-01,0,36,276,155,36,503
COCAPATA,"anticoncepcion, prevencion de its y de cancer de cuello uterino",numero de mujeres con muestras de pap tomadas,2016-05-01,0,0,0,2,0,2
COCHABAMBA,"anticoncepcion, prevencion de its y de cancer de cuello uterino",numero de mujeres con muestras de pap tomadas,2016-05-01,2,102,1844,1580,693,4221
COLCAPIRHUA,"anticoncepcion, prevencion de its y de cancer de cuello uterino",numero de mujeres con muestras de pap tomadas,2016-05-01,2,20,112,63,36,233
"COLCHA ""K""","anticoncepcion, prevencion de its y de cancer de cuello uterino",numero de mujeres con muestras de pap tomadas,2016-05-01,0,1,30,12,3,46
COLLANA,"anticoncepcion, prevencion de its y de cancer de cuello uterino",numero de mujeres con muestras de pap tomadas,2016-05-01,0,0,1,0,1,2
COLOMI,"anticoncepcion, prevencion de its y de cancer de cuello uterino",numero de mujeres con muestras de pap tomadas,2016-05-01,0,2,7,6,2,17
COLPA BELGICA,"anticoncepcion, prevencion de its y de cancer de cuello uterino",numero de mujeres con muestras de pap tomadas,2016-05-01,0,3,2,0,0,5
COLQUECHACA,"anticoncepcion, prevencion de its y de cancer de cuello uterino",numero de mujeres con muestras de pap tomadas,2016-05-01,0,6,66,36,17,125
COLQUENCHA,"anticoncepcion, prevencion de its y de cancer de cuello uterino",numero de mujeres con muestras de pap tomadas,2016-05-01,0,5,12,3,2,22
COMANCHE,"anticoncepcion, prevencion de its y de cancer de cuello uterino",numero de mujeres con muestras de pap tomadas,2016-05-01,0,1,4,8,5,18
COMARAPA,"anticoncepcion, prevencion de its y de cancer de cuello uterino",numero de mujeres con muestras de pap tomadas,2016-05-01,0,3,27,17,3,50
COMBAYA,"anticoncepcion, prevencion de its y de cancer de cuello uterino",numero de mujeres con muestras de pap tomadas,2016-05-01,0,0,3,2,0,5
CONCEPCION,"anticoncepcion, prevencion de its y de cancer de cuello uterino",numero de mujeres con muestras de pap tomadas,2016-05-01,0,7,39,3,6,55
COPACABANA,"anticoncepcion, prevencion de its y de cancer de cuello uterino",numero de mujeres con muestras de pap tomadas,2016-05-01,0,0,1,1,0,2
CORIPATA,"anticoncepcion, prevencion de its y de cancer de cuello uterino",numero de mujeres con muestras de pap tomadas,2016-05-01,0,3,11,7,0,21
CORO CORO,"anticoncepcion, prevencion de its y de cancer de cuello uterino",numero de mujeres con muestras de pap tomadas,2016-05-01,0,0,2,3,1,6
COROICO,"anticoncepcion, prevencion de its y de cancer de cuello uterino",numero de mujeres con muestras de pap tomadas,2016-05-01,0,4,64,60,28,156
CORQUE,"anticoncepcion, prevencion de its y de cancer de cuello uterino",numero de mujeres con muestras de pap tomadas,2016-05-01,2,0,8,2,1,13
COTAGAITA,"anticoncepcion, prevencion de its y de cancer de cuello uterino",numero de mujeres con muestras de pap tomadas,2016-05-01,0,16,94,121,64,295
COTOCA,"anticoncepcion, prevencion de its y de cancer de cuello uterino",numero de mujeres con muestras de pap tomadas,2016-05-01,0,19,92,27,6,144
CUATRO CAÑADAS,"anticoncepcion, prevencion de its y de cancer de cuello uterino",numero de mujeres con muestras de pap tomadas,2016-05-01,0,6,23,14,6,49
CUCHUMUELA (V. G. VILLARROEL),"anticoncepcion, prevencion de its y de cancer de cuello uterino",numero de mujeres con muestras de pap tomadas,2016-05-01,0,1,13,5,12,31
CUEVO,"anticoncepcion, prevencion de its y de cancer de cuello uterino",numero de mujeres con muestras de pap tomadas,2016-05-01,0,1,7,3,0,11
CULPINA,"anticoncepcion, prevencion de its y de cancer de cuello uterino",numero de mujeres con muestras de pap tomadas,2016-05-01,1,37,109,144,12,303
CURAHUARA DE CARANGAS,"anticoncepcion, prevencion de its y de cancer de cuello uterino",numero de mujeres con muestras de pap tomadas,2016-05-01,0,0,1,2,1,4
CURVA,"anticoncepcion, prevencion de its y de cancer de cuello uterino",numero de mujeres con muestras de pap tomadas,2016-05-01,0,2,9,7,3,21
DESAGUADERO,"anticoncepcion, prevencion de its y de cancer de cuello uterino",numero de mujeres con muestras de pap tomadas,2016-05-01,0,0,8,1,0,9
EL ALTO,"anticoncepcion, prevencion de its y de cancer de cuello uterino",numero de mujeres con muestras de pap tomadas,2016-05-01,4,370,2379,1614,581,4948
EL CHORO,"anticoncepcion, prevencion de its y de cancer de cuello uterino",numero de mujeres con muestras de pap tomadas,2016-05-01,0,0,4,0,0,4
EL PUENTE(STC),"anticoncepcion, prevencion de its y de cancer de cuello uterino",numero de mujeres con muestras de pap tomadas,2016-05-01,0,5,17,1,0,23
EL PUENTE(TJA),"anticoncepcion, prevencion de its y de cancer de cuello uterino",numero de mujeres con muestras de pap tomadas,2016-05-01,0,6,47,49,16,118
EL TORNO,"anticoncepcion, prevencion de its y de cancer de cuello uterino",numero de mujeres con muestras de pap tomadas,2016-05-01,0,27,200,143,82,452
EL VILLAR,"anticoncepcion, prevencion de its y de cancer de cuello uterino",numero de mujeres con muestras de pap tomadas,2016-05-01,0,5,22,19,15,61
ENTRE RIOS TRJ,"anticoncepcion, prevencion de its y de cancer de cuello uterino",numero de mujeres con muestras de pap tomadas,2016-05-01,0,8,51,53,21,133
ENTRE RIOS CBBA,"anticoncepcion, prevencion de its y de cancer de cuello uterino",numero de mujeres con muestras de pap tomadas,2016-05-01,1,0,15,3,0,19
ESCOMA,"anticoncepcion, prevencion de its y de cancer de cuello uterino",numero de mujeres con muestras de pap tomadas,2016-05-01,0,0,2,1,0,3
EUCALIPTUS,"anticoncepcion, prevencion de its y de cancer de cuello uterino",numero de mujeres con muestras de pap tomadas,2016-05-01,0,0,0,2,0,2
EUREKA (SANTOS MERCADO),"anticoncepcion, prevencion de its y de cancer de cuello uterino",numero de mujeres con muestras de pap tomadas,2016-05-01,0,1,0,1,2,4
FERNANDEZ ALONSO,"anticoncepcion, prevencion de its y de cancer de cuello uterino",numero de mujeres con muestras de pap tomadas,2016-05-01,0,4,25,15,6,50
FILADELFIA,"anticoncepcion, prevencion de its y de cancer de cuello uterino",numero de mujeres con muestras de pap tomadas,2016-05-01,0,1,9,1,1,12
GENERAL SAAVEDRA,"anticoncepcion, prevencion de its y de cancer de cuello uterino",numero de mujeres con muestras de pap tomadas,2016-05-01,0,3,21,16,7,47
GRAL. J.J. PEREZ (CHARAZANI),"anticoncepcion, prevencion de its y de cancer de cuello uterino",numero de mujeres con muestras de pap tomadas,2016-05-01,0,1,13,11,2,27
GUANAY,"anticoncepcion, prevencion de its y de cancer de cuello uterino",numero de mujeres con muestras de pap tomadas,2016-05-01,0,0,17,4,3,24
GUAQUI,"anticoncepcion, prevencion de its y de cancer de cuello uterino",numero de mujeres con muestras de pap tomadas,2016-05-01,0,1,4,4,0,9
GUAYARAMERIN,"anticoncepcion, prevencion de its y de cancer de cuello uterino",numero de mujeres con muestras de pap tomadas,2016-05-01,1,12,52,43,9,117
GUTIERREZ,"anticoncepcion, prevencion de its y de cancer de cuello uterino",numero de mujeres con muestras de pap tomadas,2016-05-01,0,1,24,2,0,27
HUACARETA,"anticoncepcion, prevencion de its y de cancer de cuello uterino",numero de mujeres con muestras de pap tomadas,2016-05-01,0,12,32,39,18,101
HUACAYA (VILLA DE HUACAYA),"anticoncepcion, prevencion de its y de cancer de cuello uterino",numero de mujeres con muestras de pap tomadas,2016-05-01,0,1,10,10,10,31
HUACHACALLA,"anticoncepcion, prevencion de its y de cancer de cuello uterino",numero de mujeres con muestras de pap tomadas,2016-05-01,0,0,1,0,0,1
HUANUNI,"anticoncepcion, prevencion de its y de cancer de cuello uterino",numero de mujeres con muestras de pap tomadas,2016-05-01,0,0,23,23,7,53
HUARINA,"anticoncepcion, prevencion de its y de cancer de cuello uterino",numero de mujeres con muestras de pap tomadas,2016-05-01,0,3,11,4,6,24
HUATAJATA,"anticoncepcion, prevencion de its y de cancer de cuello uterino",numero de mujeres con muestras de pap tomadas,2016-05-01,0,0,2,1,0,3
HUMANATA,"anticoncepcion, prevencion de its y de cancer de cuello uterino",numero de mujeres con muestras de pap tomadas,2016-05-01,0,0,0,1,0,1
ICHOCA,"anticoncepcion, prevencion de its y de cancer de cuello uterino",numero de mujeres con muestras de pap tomadas,2016-05-01,0,0,2,2,0,4
ICLA,"anticoncepcion, prevencion de its y de cancer de cuello uterino",numero de mujeres con muestras de pap tomadas,2016-05-01,1,6,29,52,17,105
INCAHUASI,"anticoncepcion, prevencion de its y de cancer de cuello uterino",numero de mujeres con muestras de pap tomadas,2016-05-01,0,5,28,20,8,61
INGAVI (HUMAITA),"anticoncepcion, prevencion de its y de cancer de cuello uterino",numero de mujeres con muestras de pap tomadas,2016-05-01,0,1,15,6,1,23
INQUISIVI,"anticoncepcion, prevencion de its y de cancer de cuello uterino",numero de mujeres con muestras de pap tomadas,2016-05-01,0,2,9,6,5,22
IRUPANA (VILLA DE LANZA),"anticoncepcion, prevencion de its y de cancer de cuello uterino",numero de mujeres con muestras de pap tomadas,2016-05-01,0,2,25,13,4,44
IXIAMAS,"anticoncepcion, prevencion de its y de cancer de cuello uterino",numero de mujeres con muestras de pap tomadas,2016-05-01,0,7,132,95,25,259
JESUS DE MACHACA,"anticoncepcion, prevencion de its y de cancer de cuello uterino",numero de mujeres con muestras de pap tomadas,2016-05-01,0,3,11,12,8,34
LA ASUNTA,"anticoncepcion, prevencion de its y de cancer de cuello uterino",numero de mujeres con muestras de pap tomadas,2016-05-01,0,7,44,20,4,75
LA GUARDIA,"anticoncepcion, prevencion de its y de cancer de cuello uterino",numero de mujeres con muestras de pap tomadas,2016-05-01,2,37,155,71,30,295
LA PAZ,"anticoncepcion, prevencion de its y de cancer de cuello uterino",numero de mujeres con muestras de pap tomadas,2016-05-01,9,249,1948,1471,730,4407
LAGUNILLAS,"anticoncepcion, prevencion de its y de cancer de cuello uterino",numero de mujeres con muestras de pap tomadas,2016-05-01,0,0,2,0,0,2
LAJA,"anticoncepcion, prevencion de its y de cancer de cuello uterino",numero de mujeres con muestras de pap tomadas,2016-05-01,0,2,6,5,0,13
LAS CARRERAS,"anticoncepcion, prevencion de its y de cancer de cuello uterino",numero de mujeres con muestras de pap tomadas,2016-05-01,0,1,16,34,12,63
LICOMA PAMPA,"anticoncepcion, prevencion de its y de cancer de cuello uterino",numero de mujeres con muestras de pap tomadas,2016-05-01,0,0,0,0,1,1
LLALLAGUA,"anticoncepcion, prevencion de its y de cancer de cuello uterino",numero de mujeres con muestras de pap tomadas,2016-05-01,0,14,91,49,15,169
LLICA,"anticoncepcion, prevencion de its y de cancer de cuello uterino",numero de mujeres con muestras de pap tomadas,2016-05-01,0,0,19,9,7,35
LURIBAY,"anticoncepcion, prevencion de its y de cancer de cuello uterino",numero de mujeres con muestras de pap tomadas,2016-05-01,0,3,46,41,40,130
MACHACAMARCA,"anticoncepcion, prevencion de its y de cancer de cuello uterino",numero de mujeres con muestras de pap tomadas,2016-05-01,0,1,4,4,2,11
MACHARETI,"anticoncepcion, prevencion de its y de cancer de cuello uterino",numero de mujeres con muestras de pap tomadas,2016-05-01,0,5,33,37,15,90
MAGDALENA,"anticoncepcion, prevencion de its y de cancer de cuello uterino",numero de mujeres con muestras de pap tomadas,2016-05-01,0,5,8,5,1,19
MAIRANA,"anticoncepcion, prevencion de its y de cancer de cuello uterino",numero de mujeres con muestras de pap tomadas,2016-05-01,0,1,3,9,0,13
MALLA,"anticoncepcion, prevencion de its y de cancer de cuello uterino",numero de mujeres con muestras de pap tomadas,2016-05-01,0,1,4,9,5,19
MAPIRI,"anticoncepcion, prevencion de its y de cancer de cuello uterino",numero de mujeres con muestras de pap tomadas,2016-05-01,0,11,66,54,20,151
MECAPACA,"anticoncepcion, prevencion de its y de cancer de cuello uterino",numero de mujeres con muestras de pap tomadas,2016-05-01,0,2,9,4,3,18
MINEROS,"anticoncepcion, prevencion de its y de cancer de cuello uterino",numero de mujeres con muestras de pap tomadas,2016-05-01,0,5,26,25,7,63
MIZQUE,"anticoncepcion, prevencion de its y de cancer de cuello uterino",numero de mujeres con muestras de pap tomadas,2016-05-01,0,10,23,39,6,78
MOCOMOCO,"anticoncepcion, prevencion de its y de cancer de cuello uterino",numero de mujeres con muestras de pap tomadas,2016-05-01,0,3,7,1,0,11
MOJINETE,"anticoncepcion, prevencion de its y de cancer de cuello uterino",numero de mujeres con muestras de pap tomadas,2016-05-01,0,0,1,0,0,1
MOJOCOYA,"anticoncepcion, prevencion de its y de cancer de cuello uterino",numero de mujeres con muestras de pap tomadas,2016-05-01,0,6,20,10,8,44
MONTEAGUDO,"anticoncepcion, prevencion de its y de cancer de cuello uterino",numero de mujeres con muestras de pap tomadas,2016-05-01,1,12,63,39,9,124
MONTERO,"anticoncepcion, prevencion de its y de cancer de cuello uterino",numero de mujeres con muestras de pap tomadas,2016-05-01,0,14,118,73,8,213
MORO MORO,"anticoncepcion, prevencion de its y de cancer de cuello uterino",numero de mujeres con muestras de pap tomadas,2016-05-01,0,0,6,5,2,13
MOROCHATA,"anticoncepcion, prevencion de its y de cancer de cuello uterino",numero de mujeres con muestras de pap tomadas,2016-05-01,0,1,2,2,0,5
NUEVO MANOA (NUEVA ESPERANZA),"anticoncepcion, prevencion de its y de cancer de cuello uterino",numero de mujeres con muestras de pap tomadas,2016-05-01,0,0,0,1,0,1
OCURI,"anticoncepcion, prevencion de its y de cancer de cuello uterino",numero de mujeres con muestras de pap tomadas,2016-05-01,0,3,9,2,1,15
OKINAWA,"anticoncepcion, prevencion de its y de cancer de cuello uterino",numero de mujeres con muestras de pap tomadas,2016-05-01,0,6,43,24,7,80
OMEREQUE,"anticoncepcion, prevencion de its y de cancer de cuello uterino",numero de mujeres con muestras de pap tomadas,2016-05-01,0,3,13,16,5,37
ORURO,"anticoncepcion, prevencion de its y de cancer de cuello uterino",numero de mujeres con muestras de pap tomadas,2016-05-01,0,37,540,287,139,1003
PADCAYA,"anticoncepcion, prevencion de its y de cancer de cuello uterino",numero de mujeres con muestras de pap tomadas,2016-05-01,0,5,21,12,3,41
PADILLA,"anticoncepcion, prevencion de its y de cancer de cuello uterino",numero de mujeres con muestras de pap tomadas,2016-05-01,0,1,27,25,12,65
PAILON,"anticoncepcion, prevencion de its y de cancer de cuello uterino",numero de mujeres con muestras de pap tomadas,2016-05-01,1,0,15,6,4,26
PALCA,"anticoncepcion, prevencion de its y de cancer de cuello uterino",numero de mujeres con muestras de pap tomadas,2016-05-01,1,10,21,13,4,49
PALOS BLANCOS,"anticoncepcion, prevencion de its y de cancer de cuello uterino",numero de mujeres con muestras de pap tomadas,2016-05-01,0,11,71,49,14,145
PAMPA AULLAGAS,"anticoncepcion, prevencion de its y de cancer de cuello uterino",numero de mujeres con muestras de pap tomadas,2016-05-01,0,1,4,4,0,9
PAMPA GRANDE,"anticoncepcion, prevencion de its y de cancer de cuello uterino",numero de mujeres con muestras de pap tomadas,2016-05-01,0,0,8,2,1,11
PAPEL PAMPA,"anticoncepcion, prevencion de its y de cancer de cuello uterino",numero de mujeres con muestras de pap tomadas,2016-05-01,0,0,11,7,1,19
PASORAPA,"anticoncepcion, prevencion de its y de cancer de cuello uterino",numero de mujeres con muestras de pap tomadas,2016-05-01,0,0,10,3,1,14
PATACAMAYA,"anticoncepcion, prevencion de its y de cancer de cuello uterino",numero de mujeres con muestras de pap tomadas,2016-05-01,0,0,4,4,2,10
PAZÑA,"anticoncepcion, prevencion de its y de cancer de cuello uterino",numero de mujeres con muestras de pap tomadas,2016-05-01,0,0,3,1,0,4
PELECHUCO,"anticoncepcion, prevencion de its y de cancer de cuello uterino",numero de mujeres con muestras de pap tomadas,2016-05-01,0,0,22,11,6,39
POCOATA,"anticoncepcion, prevencion de its y de cancer de cuello uterino",numero de mujeres con muestras de pap tomadas,2016-05-01,0,8,18,18,12,56
POCONA,"anticoncepcion, prevencion de its y de cancer de cuello uterino",numero de mujeres con muestras de pap tomadas,2016-05-01,2,13,51,32,28,126
POJO (CBBA),"anticoncepcion, prevencion de its y de cancer de cuello uterino",numero de mujeres con muestras de pap tomadas,2016-05-01,0,3,4,12,3,22
PORCO,"anticoncepcion, prevencion de its y de cancer de cuello uterino",numero de mujeres con muestras de pap tomadas,2016-05-01,0,0,10,3,2,15
POROMA,"anticoncepcion, prevencion de its y de cancer de cuello uterino",numero de mujeres con muestras de pap tomadas,2016-05-01,0,10,42,59,21,132
PORONGO,"anticoncepcion, prevencion de its y de cancer de cuello uterino",numero de mujeres con muestras de pap tomadas,2016-05-01,2,4,16,22,1,45
PORTACHUELO,"anticoncepcion, prevencion de its y de cancer de cuello uterino",numero de mujeres con muestras de pap tomadas,2016-05-01,1,16,47,23,7,94
PORVENIR,"anticoncepcion, prevencion de its y de cancer de cuello uterino",numero de mujeres con muestras de pap tomadas,2016-05-01,0,3,32,22,11,68
POSTRER VALLE,"anticoncepcion, prevencion de its y de cancer de cuello uterino",numero de mujeres con muestras de pap tomadas,2016-05-01,0,0,2,3,0,5
POTOSI,"anticoncepcion, prevencion de its y de cancer de cuello uterino",numero de mujeres con muestras de pap tomadas,2016-05-01,0,53,586,428,89,1156
PRESTO,"anticoncepcion, prevencion de its y de cancer de cuello uterino",numero de mujeres con muestras de pap tomadas,2016-05-01,0,15,50,49,11,125
PUCARA,"anticoncepcion, prevencion de its y de cancer de cuello uterino",numero de mujeres con muestras de pap tomadas,2016-05-01,0,0,3,7,6,16
PUCARANI,"anticoncepcion, prevencion de its y de cancer de cuello uterino",numero de mujeres con muestras de pap tomadas,2016-05-01,0,10,13,10,2,35
PUERTO ACOSTA,"anticoncepcion, prevencion de its y de cancer de cuello uterino",numero de mujeres con muestras de pap tomadas,2016-05-01,0,1,2,0,2,5
PUERTO CARABUCO,"anticoncepcion, prevencion de its y de cancer de cuello uterino",numero de mujeres con muestras de pap tomadas,2016-05-01,0,0,4,5,0,9
PUERTO GONZALO MORENO,"anticoncepcion, prevencion de its y de cancer de cuello uterino",numero de mujeres con muestras de pap tomadas,2016-05-01,0,11,8,3,0,22
PUERTO PEREZ,"anticoncepcion, prevencion de its y de cancer de cuello uterino",numero de mujeres con muestras de pap tomadas,2016-05-01,0,0,1,0,1,2
PUERTO QUIJARRO,"anticoncepcion, prevencion de its y de cancer de cuello uterino",numero de mujeres con muestras de pap tomadas,2016-05-01,0,18,61,28,5,112
PUERTO RICO,"anticoncepcion, prevencion de its y de cancer de cuello uterino",numero de mujeres con muestras de pap tomadas,2016-05-01,0,3,7,3,0,13
PUERTO SUAREZ,"anticoncepcion, prevencion de its y de cancer de cuello uterino",numero de mujeres con muestras de pap tomadas,2016-05-01,0,1,17,15,2,35
PUERTO VILLARROEL,"anticoncepcion, prevencion de its y de cancer de cuello uterino",numero de mujeres con muestras de pap tomadas,2016-05-01,0,22,90,27,4,143
PUNA,"anticoncepcion, prevencion de its y de cancer de cuello uterino",numero de mujeres con muestras de pap tomadas,2016-05-01,0,7,26,27,9,69
PUNATA,"anticoncepcion, prevencion de its y de cancer de cuello uterino",numero de mujeres con muestras de pap tomadas,2016-05-01,0,6,39,19,14,78
QUILLACOLLO,"anticoncepcion, prevencion de its y de cancer de cuello uterino",numero de mujeres con muestras de pap tomadas,2016-05-01,0,12,257,227,67,563
QUIME,"anticoncepcion, prevencion de its y de cancer de cuello uterino",numero de mujeres con muestras de pap tomadas,2016-05-01,0,0,5,5,1,11
QUIRUSILLAS,"anticoncepcion, prevencion de its y de cancer de cuello uterino",numero de mujeres con muestras de pap tomadas,2016-05-01,0,0,3,2,1,6
RAVELO,"anticoncepcion, prevencion de its y de cancer de cuello uterino",numero de mujeres con muestras de pap tomadas,2016-05-01,0,4,10,14,6,34
REYES,"anticoncepcion, prevencion de its y de cancer de cuello uterino",numero de mujeres con muestras de pap tomadas,2016-05-01,0,0,1,0,0,1
RIBERALTA,"anticoncepcion, prevencion de its y de cancer de cuello uterino",numero de mujeres con muestras de pap tomadas,2016-05-01,0,47,284,84,31,446
ROBORE,"anticoncepcion, prevencion de its y de cancer de cuello uterino",numero de mujeres con muestras de pap tomadas,2016-05-01,0,0,3,2,0,5
RURRENABAQUE,"anticoncepcion, prevencion de its y de cancer de cuello uterino",numero de mujeres con muestras de pap tomadas,2016-05-01,0,0,2,3,1,6
SABAYA,"anticoncepcion, prevencion de its y de cancer de cuello uterino",numero de mujeres con muestras de pap tomadas,2016-05-01,0,0,3,1,0,4
SACABA,"anticoncepcion, prevencion de its y de cancer de cuello uterino",numero de mujeres con muestras de pap tomadas,2016-05-01,0,51,254,141,49,495
SACABAMBA,"anticoncepcion, prevencion de its y de cancer de cuello uterino",numero de mujeres con muestras de pap tomadas,2016-05-01,0,0,0,3,2,5
SACACA,"anticoncepcion, prevencion de its y de cancer de cuello uterino",numero de mujeres con muestras de pap tomadas,2016-05-01,0,11,85,42,6,144
SAIPINA,"anticoncepcion, prevencion de its y de cancer de cuello uterino",numero de mujeres con muestras de pap tomadas,2016-05-01,0,5,19,17,6,47
SALINAS DE GARCI MENDOZA,"anticoncepcion, prevencion de its y de cancer de cuello uterino",numero de mujeres con muestras de pap tomadas,2016-05-01,0,2,0,0,0,2
SAMAIPATA,"anticoncepcion, prevencion de its y de cancer de cuello uterino",numero de mujeres con muestras de pap tomadas,2016-05-01,0,1,10,8,2,21
SAN ANDRES,"anticoncepcion, prevencion de its y de cancer de cuello uterino",numero de mujeres con muestras de pap tomadas,2016-05-01,0,2,8,1,0,11
SAN ANDRES DE MACHACA,"anticoncepcion, prevencion de its y de cancer de cuello uterino",numero de mujeres con muestras de pap tomadas,2016-05-01,0,2,5,8,3,18
SAN ANTONIO DE LOMERIO,"anticoncepcion, prevencion de its y de cancer de cuello uterino",numero de mujeres con muestras de pap tomadas,2016-05-01,0,2,25,13,4,44
SAN BENITO,"anticoncepcion, prevencion de its y de cancer de cuello uterino",numero de mujeres con muestras de pap tomadas,2016-05-01,0,0,2,0,1,3
SAN BORJA,"anticoncepcion, prevencion de its y de cancer de cuello uterino",numero de mujeres con muestras de pap tomadas,2016-05-01,0,1,7,8,2,18
SAN BUENA VENTURA,"anticoncepcion, prevencion de its y de cancer de cuello uterino",numero de mujeres con muestras de pap tomadas,2016-05-01,0,8,57,26,6,97
SAN CARLOS,"anticoncepcion, prevencion de its y de cancer de cuello uterino",numero de mujeres con muestras de pap tomadas,2016-05-01,0,10,62,20,5,97
SAN IGNACIO,"anticoncepcion, prevencion de its y de cancer de cuello uterino",numero de mujeres con muestras de pap tomadas,2016-05-01,0,0,1,5,1,7
SAN IGNACIO DE VELASCO,"anticoncepcion, prevencion de its y de cancer de cuello uterino",numero de mujeres con muestras de pap tomadas,2016-05-01,1,7,58,27,2,95
SAN JAVIER(STC),"anticoncepcion, prevencion de its y de cancer de cuello uterino",numero de mujeres con muestras de pap tomadas,2016-05-01,0,1,13,0,1,15
SAN JOSE DE CHIQUITOS,"anticoncepcion, prevencion de its y de cancer de cuello uterino",numero de mujeres con muestras de pap tomadas,2016-05-01,0,3,7,3,0,13
SAN JUAN DE YAPACANI,"anticoncepcion, prevencion de its y de cancer de cuello uterino",numero de mujeres con muestras de pap tomadas,2016-05-01,6,11,23,13,9,62
SAN JULIAN,"anticoncepcion, prevencion de its y de cancer de cuello uterino",numero de mujeres con muestras de pap tomadas,2016-05-01,0,9,76,49,9,143
SAN LORENZO(TJA),"anticoncepcion, prevencion de its y de cancer de cuello uterino",numero de mujeres con muestras de pap tomadas,2016-05-01,0,6,16,18,4,44
SAN LUCAS,"anticoncepcion, prevencion de its y de cancer de cuello uterino",numero de mujeres con muestras de pap tomadas,2016-05-01,2,25,122,92,34,275
SAN MATIAS,"anticoncepcion, prevencion de its y de cancer de cuello uterino",numero de mujeres con muestras de pap tomadas,2016-05-01,0,1,7,0,2,10
SAN MIGUEL DE VELASCO,"anticoncepcion, prevencion de its y de cancer de cuello uterino",numero de mujeres con muestras de pap tomadas,2016-05-01,0,1,9,5,0,15
SAN PABLO DE LIPEZ,"anticoncepcion, prevencion de its y de cancer de cuello uterino",numero de mujeres con muestras de pap tomadas,2016-05-01,0,0,5,4,2,11
SAN PEDRO,"anticoncepcion, prevencion de its y de cancer de cuello uterino",numero de mujeres con muestras de pap tomadas,2016-05-01,0,8,66,20,14,108
SAN PEDRO DE BUENA VISTA,"anticoncepcion, prevencion de its y de cancer de cuello uterino",numero de mujeres con muestras de pap tomadas,2016-05-01,0,5,22,25,3,55
SAN PEDRO DE CURAHUARA,"anticoncepcion, prevencion de its y de cancer de cuello uterino",numero de mujeres con muestras de pap tomadas,2016-05-01,0,0,0,1,2,3
SAN PEDRO DE TIQUINA,"anticoncepcion, prevencion de its y de cancer de cuello uterino",numero de mujeres con muestras de pap tomadas,2016-05-01,0,1,3,2,1,7
SAN RAFAEL,"anticoncepcion, prevencion de its y de cancer de cuello uterino",numero de mujeres con muestras de pap tomadas,2016-05-01,0,0,3,0,0,3
SAN RAMON BENI,"anticoncepcion, prevencion de its y de cancer de cuello uterino",numero de mujeres con muestras de pap tomadas,2016-05-01,0,0,12,3,2,17
SAN RAMON SCZ,"anticoncepcion, prevencion de its y de cancer de cuello uterino",numero de mujeres con muestras de pap tomadas,2016-05-01,0,3,13,8,4,28
SANTA ANA,"anticoncepcion, prevencion de its y de cancer de cuello uterino",numero de mujeres con muestras de pap tomadas,2016-05-01,0,0,5,13,6,24
SANTA CRUZ DE LA SIERRA,"anticoncepcion, prevencion de its y de cancer de cuello uterino",numero de mujeres con muestras de pap tomadas,2016-05-01,31,694,2309,1276,416,4726
SANTA ROSA DEL SARA,"anticoncepcion, prevencion de its y de cancer de cuello uterino",numero de mujeres con muestras de pap tomadas,2016-05-01,0,6,27,13,3,49
SANTIAGO DE CALLAPA,"anticoncepcion, prevencion de its y de cancer de cuello uterino",numero de mujeres con muestras de pap tomadas,2016-05-01,0,0,2,1,1,4
SANTIAGO DE HUARI,"anticoncepcion, prevencion de its y de cancer de cuello uterino",numero de mujeres con muestras de pap tomadas,2016-05-01,0,0,2,2,0,4
SANTIAGO DE HUATA,"anticoncepcion, prevencion de its y de cancer de cuello uterino",numero de mujeres con muestras de pap tomadas,2016-05-01,0,2,6,4,2,14
SANTIVAÑES,"anticoncepcion, prevencion de its y de cancer de cuello uterino",numero de mujeres con muestras de pap tomadas,2016-05-01,0,0,3,4,4,11
SANTUARIO DE QUILLACAS,"anticoncepcion, prevencion de its y de cancer de cuello uterino",numero de mujeres con muestras de pap tomadas,2016-05-01,0,1,0,1,0,2
SAPAHAQUI,"anticoncepcion, prevencion de its y de cancer de cuello uterino",numero de mujeres con muestras de pap tomadas,2016-05-01,0,1,5,2,0,8
SENA,"anticoncepcion, prevencion de its y de cancer de cuello uterino",numero de mujeres con muestras de pap tomadas,2016-05-01,3,1,17,11,4,36
SHINAOTA,"anticoncepcion, prevencion de its y de cancer de cuello uterino",numero de mujeres con muestras de pap tomadas,2016-05-01,0,9,9,4,1,23
SICA SICA (VILLA AROMA),"anticoncepcion, prevencion de its y de cancer de cuello uterino",numero de mujeres con muestras de pap tomadas,2016-05-01,0,1,19,15,11,46
SICAYA,"anticoncepcion, prevencion de its y de cancer de cuello uterino",numero de mujeres con muestras de pap tomadas,2016-05-01,0,0,2,0,0,2
SIPE SIPE,"anticoncepcion, prevencion de its y de cancer de cuello uterino",numero de mujeres con muestras de pap tomadas,2016-05-01,0,10,118,76,24,228
SOPACHUY,"anticoncepcion, prevencion de its y de cancer de cuello uterino",numero de mujeres con muestras de pap tomadas,2016-05-01,0,9,26,18,3,56
SORACACHI,"anticoncepcion, prevencion de its y de cancer de cuello uterino",numero de mujeres con muestras de pap tomadas,2016-05-01,1,17,149,79,28,274
SORATA,"anticoncepcion, prevencion de its y de cancer de cuello uterino",numero de mujeres con muestras de pap tomadas,2016-05-01,0,8,48,25,10,91
SUCRE,"anticoncepcion, prevencion de its y de cancer de cuello uterino",numero de mujeres con muestras de pap tomadas,2016-05-01,5,220,1809,996,342,3372
TACACOMA,"anticoncepcion, prevencion de its y de cancer de cuello uterino",numero de mujeres con muestras de pap tomadas,2016-05-01,0,1,8,4,0,13
TACOBAMBA,"anticoncepcion, prevencion de its y de cancer de cuello uterino",numero de mujeres con muestras de pap tomadas,2016-05-01,0,1,10,12,7,30
TACOPAYA,"anticoncepcion, prevencion de its y de cancer de cuello uterino",numero de mujeres con muestras de pap tomadas,2016-05-01,0,0,1,2,0,3
TAPACARI,"anticoncepcion, prevencion de its y de cancer de cuello uterino",numero de mujeres con muestras de pap tomadas,2016-05-01,0,17,53,24,8,102
TARABUCO,"anticoncepcion, prevencion de its y de cancer de cuello uterino",numero de mujeres con muestras de pap tomadas,2016-05-01,0,11,35,41,14,101
TARACO,"anticoncepcion, prevencion de its y de cancer de cuello uterino",numero de mujeres con muestras de pap tomadas,2016-05-01,0,1,9,2,0,12
TARATA,"anticoncepcion, prevencion de its y de cancer de cuello uterino",numero de mujeres con muestras de pap tomadas,2016-05-01,0,5,10,10,18,43
TARIJA,"anticoncepcion, prevencion de its y de cancer de cuello uterino",numero de mujeres con muestras de pap tomadas,2016-05-01,1,55,848,642,287,1833
TARVITA,"anticoncepcion, prevencion de its y de cancer de cuello uterino",numero de mujeres con muestras de pap tomadas,2016-05-01,2,15,37,37,22,113
TEOPONTE,"anticoncepcion, prevencion de its y de cancer de cuello uterino",numero de mujeres con muestras de pap tomadas,2016-05-01,2,11,118,66,34,231
TIAWANACU,"anticoncepcion, prevencion de its y de cancer de cuello uterino",numero de mujeres con muestras de pap tomadas,2016-05-01,0,2,17,6,3,28
TINGUIPAYA,"anticoncepcion, prevencion de its y de cancer de cuello uterino",numero de mujeres con muestras de pap tomadas,2016-05-01,0,4,29,23,8,64
TIPUANI,"anticoncepcion, prevencion de its y de cancer de cuello uterino",numero de mujeres con muestras de pap tomadas,2016-05-01,0,1,1,4,0,6
TIQUIPAYA,"anticoncepcion, prevencion de its y de cancer de cuello uterino",numero de mujeres con muestras de pap tomadas,2016-05-01,1,13,69,34,10,127
TIRAQUE (CBBA),"anticoncepcion, prevencion de its y de cancer de cuello uterino",numero de mujeres con muestras de pap tomadas,2016-05-01,0,8,28,14,3,53
TITO YUPANQUI (PARQUIPUJIO),"anticoncepcion, prevencion de its y de cancer de cuello uterino",numero de mujeres con muestras de pap tomadas,2016-05-01,0,0,1,3,1,5
TOCO,"anticoncepcion, prevencion de its y de cancer de cuello uterino",numero de mujeres con muestras de pap tomadas,2016-05-01,0,7,6,3,1,17
TODOS SANTOS,"anticoncepcion, prevencion de its y de cancer de cuello uterino",numero de mujeres con muestras de pap tomadas,2016-05-01,0,0,1,0,0,1
TOLATA,"anticoncepcion, prevencion de its y de cancer de cuello uterino",numero de mujeres con muestras de pap tomadas,2016-05-01,0,3,11,4,0,18
TOLEDO,"anticoncepcion, prevencion de its y de cancer de cuello uterino",numero de mujeres con muestras de pap tomadas,2016-05-01,0,1,4,1,0,6
TOMAVE,"anticoncepcion, prevencion de its y de cancer de cuello uterino",numero de mujeres con muestras de pap tomadas,2016-05-01,0,2,9,6,3,20
TOMINA,"anticoncepcion, prevencion de its y de cancer de cuello uterino",numero de mujeres con muestras de pap tomadas,2016-05-01,0,4,22,20,2,48
TORO TORO,"anticoncepcion, prevencion de its y de cancer de cuello uterino",numero de mujeres con muestras de pap tomadas,2016-05-01,1,9,31,33,13,87
TOTORA(CBBA),"anticoncepcion, prevencion de its y de cancer de cuello uterino",numero de mujeres con muestras de pap tomadas,2016-05-01,0,11,26,19,1,57
TOTORA(ORR),"anticoncepcion, prevencion de its y de cancer de cuello uterino",numero de mujeres con muestras de pap tomadas,2016-05-01,0,2,7,5,3,17
TRIGAL,"anticoncepcion, prevencion de its y de cancer de cuello uterino",numero de mujeres con muestras de pap tomadas,2016-05-01,0,1,5,0,1,7
TRINIDAD,"anticoncepcion, prevencion de its y de cancer de cuello uterino",numero de mujeres con muestras de pap tomadas,2016-05-01,0,11,165,65,20,261
TUPIZA,"anticoncepcion, prevencion de its y de cancer de cuello uterino",numero de mujeres con muestras de pap tomadas,2016-05-01,0,5,73,47,17,142
TURCO,"anticoncepcion, prevencion de its y de cancer de cuello uterino",numero de mujeres con muestras de pap tomadas,2016-05-01,0,0,2,5,2,9
UMALA,"anticoncepcion, prevencion de its y de cancer de cuello uterino",numero de mujeres con muestras de pap tomadas,2016-05-01,0,2,19,17,18,56
UNCIA,"anticoncepcion, prevencion de its y de cancer de cuello uterino",numero de mujeres con muestras de pap tomadas,2016-05-01,1,8,151,76,50,286
URIONDO (A. CONCEPCION),"anticoncepcion, prevencion de its y de cancer de cuello uterino",numero de mujeres con muestras de pap tomadas,2016-05-01,0,2,10,10,1,23
URUBICHA,"anticoncepcion, prevencion de its y de cancer de cuello uterino",numero de mujeres con muestras de pap tomadas,2016-05-01,0,1,2,0,0,3
UYUNI,"anticoncepcion, prevencion de its y de cancer de cuello uterino",numero de mujeres con muestras de pap tomadas,2016-05-01,0,0,6,0,3,9
VACAS,"anticoncepcion, prevencion de its y de cancer de cuello uterino",numero de mujeres con muestras de pap tomadas,2016-05-01,0,7,12,13,9,41
VALLEGRANDE,"anticoncepcion, prevencion de its y de cancer de cuello uterino",numero de mujeres con muestras de pap tomadas,2016-05-01,0,12,45,22,15,94
VIACHA,"anticoncepcion, prevencion de its y de cancer de cuello uterino",numero de mujeres con muestras de pap tomadas,2016-05-01,0,10,127,134,77,348
VILA VILA,"anticoncepcion, prevencion de its y de cancer de cuello uterino",numero de mujeres con muestras de pap tomadas,2016-05-01,0,0,2,1,1,4
VILLA CHARCAS,"anticoncepcion, prevencion de its y de cancer de cuello uterino",numero de mujeres con muestras de pap tomadas,2016-05-01,1,11,38,53,14,117
VILLA MONTES,"anticoncepcion, prevencion de its y de cancer de cuello uterino",numero de mujeres con muestras de pap tomadas,2016-05-01,1,37,197,99,36,370
VILLA RIVERO,"anticoncepcion, prevencion de its y de cancer de cuello uterino",numero de mujeres con muestras de pap tomadas,2016-05-01,0,6,13,8,1,28
VILLA SERRANO,"anticoncepcion, prevencion de its y de cancer de cuello uterino",numero de mujeres con muestras de pap tomadas,2016-05-01,0,9,37,36,20,102
VILLA TUNARI,"anticoncepcion, prevencion de its y de cancer de cuello uterino",numero de mujeres con muestras de pap tomadas,2016-05-01,0,6,44,31,7,88
VILLA VACA GUZMAN (MUYUPAMPA),"anticoncepcion, prevencion de its y de cancer de cuello uterino",numero de mujeres con muestras de pap tomadas,2016-05-01,0,2,17,3,1,23
VILLAZON,"anticoncepcion, prevencion de its y de cancer de cuello uterino",numero de mujeres con muestras de pap tomadas,2016-05-01,0,15,141,61,21,238
VINTO,"anticoncepcion, prevencion de its y de cancer de cuello uterino",numero de mujeres con muestras de pap tomadas,2016-05-01,1,14,117,48,21,201
VITICHI,"anticoncepcion, prevencion de its y de cancer de cuello uterino",numero de mujeres con muestras de pap tomadas,2016-05-01,0,0,11,12,5,28
WALDO BALLIVIAN,"anticoncepcion, prevencion de its y de cancer de cuello uterino",numero de mujeres con muestras de pap tomadas,2016-05-01,0,0,2,0,2,4
WARNES,"anticoncepcion, prevencion de its y de cancer de cuello uterino",numero de mujeres con muestras de pap tomadas,2016-05-01,1,33,139,46,7,226
YACO,"anticoncepcion, prevencion de its y de cancer de cuello uterino",numero de mujeres con muestras de pap tomadas,2016-05-01,0,6,20,16,6,48
YACUIBA,"anticoncepcion, prevencion de its y de cancer de cuello uterino",numero de mujeres con muestras de pap tomadas,2016-05-01,0,20,178,206,76,480
YAMPARAEZ,"anticoncepcion, prevencion de its y de cancer de cuello uterino",numero de mujeres con muestras de pap tomadas,2016-05-01,0,12,26,27,4,69
YANACACHI,"anticoncepcion, prevencion de its y de cancer de cuello uterino",numero de mujeres con muestras de pap tomadas,2016-05-01,0,1,8,9,6,24
YAPACANI,"anticoncepcion, prevencion de its y de cancer de cuello uterino",numero de mujeres con muestras de pap tomadas,2016-05-01,0,16,88,38,6,148
YOCALLA,"anticoncepcion, prevencion de its y de cancer de cuello uterino",numero de mujeres con muestras de pap tomadas,2016-05-01,0,1,3,2,2,8
YOTALA,"anticoncepcion, prevencion de its y de cancer de cuello uterino",numero de mujeres con muestras de pap tomadas,2016-05-01,0,14,37,24,9,84
YUNCHARA,"anticoncepcion, prevencion de its y de cancer de cuello uterino",numero de mujeres con muestras de pap tomadas,2016-05-01,0,2,15,18,2,37
ZUDAÑEZ,"anticoncepcion, prevencion de its y de cancer de cuello uterino",numero de mujeres con muestras de pap tomadas,2016-05-01,2,16,40,28,5,91
ACACIO,"anticoncepcion, prevencion de its y de cancer de cuello uterino",numero de mujeres con muestras de pap tomadas,2016-06-01,1,5,14,16,10,46
ACHACACHI,"anticoncepcion, prevencion de its y de cancer de cuello uterino",numero de mujeres con muestras de pap tomadas,2016-06-01,0,10,81,46,33,170
ACHOCALLA,"anticoncepcion, prevencion de its y de cancer de cuello uterino",numero de mujeres con muestras de pap tomadas,2016-06-01,1,2,58,25,4,90
AIQUILE,"anticoncepcion, prevencion de its y de cancer de cuello uterino",numero de mujeres con muestras de pap tomadas,2016-06-01,0,4,18,12,11,45
ALCALA,"anticoncepcion, prevencion de its y de cancer de cuello uterino",numero de mujeres con muestras de pap tomadas,2016-06-01,0,3,15,17,14,49
ALTO BENI,"anticoncepcion, prevencion de its y de cancer de cuello uterino",numero de mujeres con muestras de pap tomadas,2016-06-01,0,5,34,26,8,73
ANCORAIMES,"anticoncepcion, prevencion de its y de cancer de cuello uterino",numero de mujeres con muestras de pap tomadas,2016-06-01,0,1,12,8,4,25
ANDAMARCA,"anticoncepcion, prevencion de its y de cancer de cuello uterino",numero de mujeres con muestras de pap tomadas,2016-06-01,0,3,3,0,2,8
ANTEQUERA,"anticoncepcion, prevencion de its y de cancer de cuello uterino",numero de mujeres con muestras de pap tomadas,2016-06-01,0,0,1,5,2,8
ANZALDO,"anticoncepcion, prevencion de its y de cancer de cuello uterino",numero de mujeres con muestras de pap tomadas,2016-06-01,0,0,3,4,0,7
APOLO,"anticoncepcion, prevencion de its y de cancer de cuello uterino",numero de mujeres con muestras de pap tomadas,2016-06-01,0,1,10,10,3,24
ARAMPAMPA,"anticoncepcion, prevencion de its y de cancer de cuello uterino",numero de mujeres con muestras de pap tomadas,2016-06-01,0,0,2,1,0,3
ARANI,"anticoncepcion, prevencion de its y de cancer de cuello uterino",numero de mujeres con muestras de pap tomadas,2016-06-01,0,4,13,4,3,24
ARBIETO,"anticoncepcion, prevencion de its y de cancer de cuello uterino",numero de mujeres con muestras de pap tomadas,2016-06-01,0,10,36,18,4,68
ARQUE,"anticoncepcion, prevencion de its y de cancer de cuello uterino",numero de mujeres con muestras de pap tomadas,2016-06-01,0,1,0,0,2,3
ASCENCION DE GUARAYOS,"anticoncepcion, prevencion de its y de cancer de cuello uterino",numero de mujeres con muestras de pap tomadas,2016-06-01,0,24,69,28,0,121
ATOCHA,"anticoncepcion, prevencion de its y de cancer de cuello uterino",numero de mujeres con muestras de pap tomadas,2016-06-01,0,3,25,14,4,46
AUCAPATA,"anticoncepcion, prevencion de its y de cancer de cuello uterino",numero de mujeres con muestras de pap tomadas,2016-06-01,0,5,5,8,3,21
AYATA,"anticoncepcion, prevencion de its y de cancer de cuello uterino",numero de mujeres con muestras de pap tomadas,2016-06-01,0,1,1,2,0,4
AYO AYO,"anticoncepcion, prevencion de its y de cancer de cuello uterino",numero de mujeres con muestras de pap tomadas,2016-06-01,0,1,4,2,0,7
AYOPAYA (V. DE INDEPENDENCIA),"anticoncepcion, prevencion de its y de cancer de cuello uterino",numero de mujeres con muestras de pap tomadas,2016-06-01,0,2,16,6,4,28
AZURDUY,"anticoncepcion, prevencion de its y de cancer de cuello uterino",numero de mujeres con muestras de pap tomadas,2016-06-01,4,2,26,36,7,75
BATALLAS,"anticoncepcion, prevencion de its y de cancer de cuello uterino",numero de mujeres con muestras de pap tomadas,2016-06-01,0,4,16,14,8,42
BELEN DE ANDAMARCA,"anticoncepcion, prevencion de its y de cancer de cuello uterino",numero de mujeres con muestras de pap tomadas,2016-06-01,0,0,1,1,0,2
BELEN DE URMIRI,"anticoncepcion, prevencion de its y de cancer de cuello uterino",numero de mujeres con muestras de pap tomadas,2016-06-01,0,0,2,3,10,15
BELLA FLOR,"anticoncepcion, prevencion de its y de cancer de cuello uterino",numero de mujeres con muestras de pap tomadas,2016-06-01,1,0,3,0,0,4
BERMEJO,"anticoncepcion, prevencion de its y de cancer de cuello uterino",numero de mujeres con muestras de pap tomadas,2016-06-01,0,11,149,110,37,307
BETANZOS,"anticoncepcion, prevencion de its y de cancer de cuello uterino",numero de mujeres con muestras de pap tomadas,2016-06-01,1,16,93,75,12,197
BOYUIBE,"anticoncepcion, prevencion de its y de cancer de cuello uterino",numero de mujeres con muestras de pap tomadas,2016-06-01,0,0,1,0,0,1
BUENA VISTA,"anticoncepcion, prevencion de its y de cancer de cuello uterino",numero de mujeres con muestras de pap tomadas,2016-06-01,0,3,9,8,0,20
CABEZAS,"anticoncepcion, prevencion de its y de cancer de cuello uterino",numero de mujeres con muestras de pap tomadas,2016-06-01,0,0,15,5,1,21
CAIROMA,"anticoncepcion, prevencion de its y de cancer de cuello uterino",numero de mujeres con muestras de pap tomadas,2016-06-01,1,18,21,13,5,58
"CAIZA ""D""","anticoncepcion, prevencion de its y de cancer de cuello uterino",numero de mujeres con muestras de pap tomadas,2016-06-01,0,4,11,5,5,25
CAJUATA,"anticoncepcion, prevencion de its y de cancer de cuello uterino",numero de mujeres con muestras de pap tomadas,2016-06-01,0,4,32,28,2,66
CALACOTO,"anticoncepcion, prevencion de its y de cancer de cuello uterino",numero de mujeres con muestras de pap tomadas,2016-06-01,0,0,2,3,1,6
CALAMARCA,"anticoncepcion, prevencion de its y de cancer de cuello uterino",numero de mujeres con muestras de pap tomadas,2016-06-01,0,2,13,8,0,23
CAMARGO,"anticoncepcion, prevencion de its y de cancer de cuello uterino",numero de mujeres con muestras de pap tomadas,2016-06-01,0,12,73,53,25,163
CAMATAQUI (C. VILLA ABECIA),"anticoncepcion, prevencion de its y de cancer de cuello uterino",numero de mujeres con muestras de pap tomadas,2016-06-01,3,1,14,11,10,39
CAMIRI,"anticoncepcion, prevencion de its y de cancer de cuello uterino",numero de mujeres con muestras de pap tomadas,2016-06-01,0,2,32,9,10,53
CAPINOTA,"anticoncepcion, prevencion de its y de cancer de cuello uterino",numero de mujeres con muestras de pap tomadas,2016-06-01,0,9,48,25,0,82
CAQUIAVIRI,"anticoncepcion, prevencion de its y de cancer de cuello uterino",numero de mujeres con muestras de pap tomadas,2016-06-01,0,0,0,4,1,5
CARACOLLO,"anticoncepcion, prevencion de its y de cancer de cuello uterino",numero de mujeres con muestras de pap tomadas,2016-06-01,1,4,44,8,6,63
CARANAVI,"anticoncepcion, prevencion de its y de cancer de cuello uterino",numero de mujeres con muestras de pap tomadas,2016-06-01,1,20,154,85,13,273
CARAPARI,"anticoncepcion, prevencion de its y de cancer de cuello uterino",numero de mujeres con muestras de pap tomadas,2016-06-01,0,2,61,54,21,138
CARIPUYO,"anticoncepcion, prevencion de its y de cancer de cuello uterino",numero de mujeres con muestras de pap tomadas,2016-06-01,0,7,23,34,1,65
CARMEN RIVERO TORREZ,"anticoncepcion, prevencion de its y de cancer de cuello uterino",numero de mujeres con muestras de pap tomadas,2016-06-01,0,2,12,0,1,15
CATACORA,"anticoncepcion, prevencion de its y de cancer de cuello uterino",numero de mujeres con muestras de pap tomadas,2016-06-01,0,0,1,1,1,3
CHALLAPATA,"anticoncepcion, prevencion de its y de cancer de cuello uterino",numero de mujeres con muestras de pap tomadas,2016-06-01,0,1,86,92,33,212
CHAQUI,"anticoncepcion, prevencion de its y de cancer de cuello uterino",numero de mujeres con muestras de pap tomadas,2016-06-01,0,5,33,25,12,75
CHARAGUA,"anticoncepcion, prevencion de its y de cancer de cuello uterino",numero de mujeres con muestras de pap tomadas,2016-06-01,0,1,18,5,2,26
CHAYANTA,"anticoncepcion, prevencion de its y de cancer de cuello uterino",numero de mujeres con muestras de pap tomadas,2016-06-01,0,1,8,3,0,12
CHIMORE,"anticoncepcion, prevencion de its y de cancer de cuello uterino",numero de mujeres con muestras de pap tomadas,2016-06-01,0,0,6,1,0,7
CHIPAYA,"anticoncepcion, prevencion de its y de cancer de cuello uterino",numero de mujeres con muestras de pap tomadas,2016-06-01,0,1,0,0,0,1
CHUA COCANI,"anticoncepcion, prevencion de its y de cancer de cuello uterino",numero de mujeres con muestras de pap tomadas,2016-06-01,0,0,2,2,2,6
CHULUMANI (V. DE LA LIBERTAD),"anticoncepcion, prevencion de its y de cancer de cuello uterino",numero de mujeres con muestras de pap tomadas,2016-06-01,1,12,48,26,6,93
CHUMA,"anticoncepcion, prevencion de its y de cancer de cuello uterino",numero de mujeres con muestras de pap tomadas,2016-06-01,2,4,11,8,5,30
CHUQUIHUTA AYLLU JUCUMANI,"anticoncepcion, prevencion de its y de cancer de cuello uterino",numero de mujeres con muestras de pap tomadas,2016-06-01,0,2,17,15,2,36
CKOCHAS,"anticoncepcion, prevencion de its y de cancer de cuello uterino",numero de mujeres con muestras de pap tomadas,2016-06-01,0,7,63,55,19,144
CLIZA,"anticoncepcion, prevencion de its y de cancer de cuello uterino",numero de mujeres con muestras de pap tomadas,2016-06-01,0,5,42,8,0,55
COBIJA,"anticoncepcion, prevencion de its y de cancer de cuello uterino",numero de mujeres con muestras de pap tomadas,2016-06-01,1,27,165,81,21,295
COCAPATA,"anticoncepcion, prevencion de its y de cancer de cuello uterino",numero de mujeres con muestras de pap tomadas,2016-06-01,0,0,2,1,0,3
COCHABAMBA,"anticoncepcion, prevencion de its y de cancer de cuello uterino",numero de mujeres con muestras de pap tomadas,2016-06-01,6,165,1809,1369,590,3939
COLCAPIRHUA,"anticoncepcion, prevencion de its y de cancer de cuello uterino",numero de mujeres con muestras de pap tomadas,2016-06-01,2,17,38,24,22,103
"COLCHA ""K""","anticoncepcion, prevencion de its y de cancer de cuello uterino",numero de mujeres con muestras de pap tomadas,2016-06-01,0,0,5,4,0,9
COLLANA,"anticoncepcion, prevencion de its y de cancer de cuello uterino",numero de mujeres con muestras de pap tomadas,2016-06-01,0,0,1,0,0,1
COLOMI,"anticoncepcion, prevencion de its y de cancer de cuello uterino",numero de mujeres con muestras de pap tomadas,2016-06-01,0,0,14,8,2,24
COLPA BELGICA,"anticoncepcion, prevencion de its y de cancer de cuello uterino",numero de mujeres con muestras de pap tomadas,2016-06-01,0,0,6,3,0,9
COLQUECHACA,"anticoncepcion, prevencion de its y de cancer de cuello uterino",numero de mujeres con muestras de pap tomadas,2016-06-01,0,6,69,31,12,118
COLQUENCHA,"anticoncepcion, prevencion de its y de cancer de cuello uterino",numero de mujeres con muestras de pap tomadas,2016-06-01,1,1,44,38,26,110
COLQUIRI,"anticoncepcion, prevencion de its y de cancer de cuello uterino",numero de mujeres con muestras de pap tomadas,2016-06-01,0,1,17,9,4,31
COMARAPA,"anticoncepcion, prevencion de its y de cancer de cuello uterino",numero de mujeres con muestras de pap tomadas,2016-06-01,0,0,17,12,2,31
COMBAYA,"anticoncepcion, prevencion de its y de cancer de cuello uterino",numero de mujeres con muestras de pap tomadas,2016-06-01,0,0,0,1,0,1
CONCEPCION,"anticoncepcion, prevencion de its y de cancer de cuello uterino",numero de mujeres con muestras de pap tomadas,2016-06-01,0,3,6,4,2,15
COPACABANA,"anticoncepcion, prevencion de its y de cancer de cuello uterino",numero de mujeres con muestras de pap tomadas,2016-06-01,0,0,2,2,0,4
CORIPATA,"anticoncepcion, prevencion de its y de cancer de cuello uterino",numero de mujeres con muestras de pap tomadas,2016-06-01,0,2,58,39,13,112
CORO CORO,"anticoncepcion, prevencion de its y de cancer de cuello uterino",numero de mujeres con muestras de pap tomadas,2016-06-01,0,0,1,3,7,11
COROICO,"anticoncepcion, prevencion de its y de cancer de cuello uterino",numero de mujeres con muestras de pap tomadas,2016-06-01,0,11,44,24,1,80
CORQUE,"anticoncepcion, prevencion de its y de cancer de cuello uterino",numero de mujeres con muestras de pap tomadas,2016-06-01,0,0,9,4,3,16
COTAGAITA,"anticoncepcion, prevencion de its y de cancer de cuello uterino",numero de mujeres con muestras de pap tomadas,2016-06-01,0,1,25,12,13,51
COTOCA,"anticoncepcion, prevencion de its y de cancer de cuello uterino",numero de mujeres con muestras de pap tomadas,2016-06-01,0,23,114,45,10,192
CRUZ DE MACHACAMARCA,"anticoncepcion, prevencion de its y de cancer de cuello uterino",numero de mujeres con muestras de pap tomadas,2016-06-01,0,0,0,0,1,1
CUATRO CAÑADAS,"anticoncepcion, prevencion de its y de cancer de cuello uterino",numero de mujeres con muestras de pap tomadas,2016-06-01,2,8,32,27,5,74
CUEVO,"anticoncepcion, prevencion de its y de cancer de cuello uterino",numero de mujeres con muestras de pap tomadas,2016-06-01,0,0,4,3,1,8
CULPINA,"anticoncepcion, prevencion de its y de cancer de cuello uterino",numero de mujeres con muestras de pap tomadas,2016-06-01,1,28,264,231,25,549
CURAHUARA DE CARANGAS,"anticoncepcion, prevencion de its y de cancer de cuello uterino",numero de mujeres con muestras de pap tomadas,2016-06-01,0,0,2,4,4,10
CURVA,"anticoncepcion, prevencion de its y de cancer de cuello uterino",numero de mujeres con muestras de pap tomadas,2016-06-01,0,1,10,4,0,15
DESAGUADERO,"anticoncepcion, prevencion de its y de cancer de cuello uterino",numero de mujeres con muestras de pap tomadas,2016-06-01,0,0,6,2,0,8
EL ALTO,"anticoncepcion, prevencion de its y de cancer de cuello uterino",numero de mujeres con muestras de pap tomadas,2016-06-01,4,152,1993,1559,474,4182
EL CHORO,"anticoncepcion, prevencion de its y de cancer de cuello uterino",numero de mujeres con muestras de pap tomadas,2016-06-01,0,0,5,3,0,8
EL PUENTE(STC),"anticoncepcion, prevencion de its y de cancer de cuello uterino",numero de mujeres con muestras de pap tomadas,2016-06-01,1,6,12,5,0,24
EL PUENTE(TJA),"anticoncepcion, prevencion de its y de cancer de cuello uterino",numero de mujeres con muestras de pap tomadas,2016-06-01,0,2,36,23,14,75
EL TORNO,"anticoncepcion, prevencion de its y de cancer de cuello uterino",numero de mujeres con muestras de pap tomadas,2016-06-01,2,25,133,116,64,340
EL VILLAR,"anticoncepcion, prevencion de its y de cancer de cuello uterino",numero de mujeres con muestras de pap tomadas,2016-06-01,0,5,14,27,15,61
ENTRE RIOS TRJ,"anticoncepcion, prevencion de its y de cancer de cuello uterino",numero de mujeres con muestras de pap tomadas,2016-06-01,0,20,71,69,28,188
ENTRE RIOS CBBA,"anticoncepcion, prevencion de its y de cancer de cuello uterino",numero de mujeres con muestras de pap tomadas,2016-06-01,0,0,3,2,1,6
ESCOMA,"anticoncepcion, prevencion de its y de cancer de cuello uterino",numero de mujeres con muestras de pap tomadas,2016-06-01,0,0,2,0,0,2
EUCALIPTUS,"anticoncepcion, prevencion de its y de cancer de cuello uterino",numero de mujeres con muestras de pap tomadas,2016-06-01,0,0,8,8,2,18
EUREKA (SANTOS MERCADO),"anticoncepcion, prevencion de its y de cancer de cuello uterino",numero de mujeres con muestras de pap tomadas,2016-06-01,0,0,6,1,0,7
FERNANDEZ ALONSO,"anticoncepcion, prevencion de its y de cancer de cuello uterino",numero de mujeres con muestras de pap tomadas,2016-06-01,0,3,20,16,6,45
FILADELFIA,"anticoncepcion, prevencion de its y de cancer de cuello uterino",numero de mujeres con muestras de pap tomadas,2016-06-01,0,3,12,2,0,17
GENERAL SAAVEDRA,"anticoncepcion, prevencion de its y de cancer de cuello uterino",numero de mujeres con muestras de pap tomadas,2016-06-01,0,1,17,4,1,23
GRAL. J.J. PEREZ (CHARAZANI),"anticoncepcion, prevencion de its y de cancer de cuello uterino",numero de mujeres con muestras de pap tomadas,2016-06-01,0,3,12,5,5,25
GUANAY,"anticoncepcion, prevencion de its y de cancer de cuello uterino",numero de mujeres con muestras de pap tomadas,2016-06-01,0,14,44,9,2,69
GUAQUI,"anticoncepcion, prevencion de its y de cancer de cuello uterino",numero de mujeres con muestras de pap tomadas,2016-06-01,0,2,3,1,0,6
GUAYARAMERIN,"anticoncepcion, prevencion de its y de cancer de cuello uterino",numero de mujeres con muestras de pap tomadas,2016-06-01,1,4,55,23,8,91
GUTIERREZ,"anticoncepcion, prevencion de its y de cancer de cuello uterino",numero de mujeres con muestras de pap tomadas,2016-06-01,0,1,14,13,3,31
HUACARETA,"anticoncepcion, prevencion de its y de cancer de cuello uterino",numero de mujeres con muestras de pap tomadas,2016-06-01,0,9,35,33,22,99
HUACAYA (VILLA DE HUACAYA),"anticoncepcion, prevencion de its y de cancer de cuello uterino",numero de mujeres con muestras de pap tomadas,2016-06-01,0,7,32,18,5,62
HUACHACALLA,"anticoncepcion, prevencion de its y de cancer de cuello uterino",numero de mujeres con muestras de pap tomadas,2016-06-01,0,1,3,1,1,6
HUANUNI,"anticoncepcion, prevencion de its y de cancer de cuello uterino",numero de mujeres con muestras de pap tomadas,2016-06-01,0,1,25,26,4,56
HUARINA,"anticoncepcion, prevencion de its y de cancer de cuello uterino",numero de mujeres con muestras de pap tomadas,2016-06-01,0,1,3,1,0,5
HUATAJATA,"anticoncepcion, prevencion de its y de cancer de cuello uterino",numero de mujeres con muestras de pap tomadas,2016-06-01,0,0,1,1,1,3
HUMANATA,"anticoncepcion, prevencion de its y de cancer de cuello uterino",numero de mujeres con muestras de pap tomadas,2016-06-01,0,0,4,6,4,14
ICHOCA,"anticoncepcion, prevencion de its y de cancer de cuello uterino",numero de mujeres con muestras de pap tomadas,2016-06-01,0,0,3,1,0,4
ICLA,"anticoncepcion, prevencion de its y de cancer de cuello uterino",numero de mujeres con muestras de pap tomadas,2016-06-01,0,3,12,26,11,52
INCAHUASI,"anticoncepcion, prevencion de its y de cancer de cuello uterino",numero de mujeres con muestras de pap tomadas,2016-06-01,0,17,75,56,23,171
INQUISIVI,"anticoncepcion, prevencion de its y de cancer de cuello uterino",numero de mujeres con muestras de pap tomadas,2016-06-01,0,1,1,1,0,3
IRUPANA (VILLA DE LANZA),"anticoncepcion, prevencion de its y de cancer de cuello uterino",numero de mujeres con muestras de pap tomadas,2016-06-01,0,9,54,29,4,96
IXIAMAS,"anticoncepcion, prevencion de its y de cancer de cuello uterino",numero de mujeres con muestras de pap tomadas,2016-06-01,0,0,2,1,1,4
JESUS DE MACHACA,"anticoncepcion, prevencion de its y de cancer de cuello uterino",numero de mujeres con muestras de pap tomadas,2016-06-01,0,1,17,10,7,35
LA ASUNTA,"anticoncepcion, prevencion de its y de cancer de cuello uterino",numero de mujeres con muestras de pap tomadas,2016-06-01,0,4,40,15,4,63
LA GUARDIA,"anticoncepcion, prevencion de its y de cancer de cuello uterino",numero de mujeres con muestras de pap tomadas,2016-06-01,1,52,232,95,37,417
LA PAZ,"anticoncepcion, prevencion de its y de cancer de cuello uterino",numero de mujeres con muestras de pap tomadas,2016-06-01,2,265,2082,1382,711,4442
LA RIVERA,"anticoncepcion, prevencion de its y de cancer de cuello uterino",numero de mujeres con muestras de pap tomadas,2016-06-01,0,0,1,0,0,1
LAGUNILLAS,"anticoncepcion, prevencion de its y de cancer de cuello uterino",numero de mujeres con muestras de pap tomadas,2016-06-01,0,3,15,10,4,32
LAJA,"anticoncepcion, prevencion de its y de cancer de cuello uterino",numero de mujeres con muestras de pap tomadas,2016-06-01,0,2,25,18,7,52
LAS CARRERAS,"anticoncepcion, prevencion de its y de cancer de cuello uterino",numero de mujeres con muestras de pap tomadas,2016-06-01,0,4,11,13,16,44
LICOMA PAMPA,"anticoncepcion, prevencion de its y de cancer de cuello uterino",numero de mujeres con muestras de pap tomadas,2016-06-01,0,0,0,1,0,1
LLALLAGUA,"anticoncepcion, prevencion de its y de cancer de cuello uterino",numero de mujeres con muestras de pap tomadas,2016-06-01,0,28,191,121,44,384
LURIBAY,"anticoncepcion, prevencion de its y de cancer de cuello uterino",numero de mujeres con muestras de pap tomadas,2016-06-01,0,2,14,6,8,30
MACHACAMARCA,"anticoncepcion, prevencion de its y de cancer de cuello uterino",numero de mujeres con muestras de pap tomadas,2016-06-01,0,0,5,9,0,14
MACHARETI,"anticoncepcion, prevencion de its y de cancer de cuello uterino",numero de mujeres con muestras de pap tomadas,2016-06-01,0,3,22,27,11,63
MAIRANA,"anticoncepcion, prevencion de its y de cancer de cuello uterino",numero de mujeres con muestras de pap tomadas,2016-06-01,0,1,9,8,0,18
MALLA,"anticoncepcion, prevencion de its y de cancer de cuello uterino",numero de mujeres con muestras de pap tomadas,2016-06-01,0,1,6,2,0,9
MAPIRI,"anticoncepcion, prevencion de its y de cancer de cuello uterino",numero de mujeres con muestras de pap tomadas,2016-06-01,0,4,131,111,21,267
MECAPACA,"anticoncepcion, prevencion de its y de cancer de cuello uterino",numero de mujeres con muestras de pap tomadas,2016-06-01,0,1,11,5,3,20
MINEROS,"anticoncepcion, prevencion de its y de cancer de cuello uterino",numero de mujeres con muestras de pap tomadas,2016-06-01,0,1,24,8,3,36
MIZQUE,"anticoncepcion, prevencion de its y de cancer de cuello uterino",numero de mujeres con muestras de pap tomadas,2016-06-01,0,11,80,70,31,192
MOCOMOCO,"anticoncepcion, prevencion de its y de cancer de cuello uterino",numero de mujeres con muestras de pap tomadas,2016-06-01,0,0,7,0,3,10
MOJINETE,"anticoncepcion, prevencion de its y de cancer de cuello uterino",numero de mujeres con muestras de pap tomadas,2016-06-01,0,0,2,1,0,3
MOJOCOYA,"anticoncepcion, prevencion de its y de cancer de cuello uterino",numero de mujeres con muestras de pap tomadas,2016-06-01,0,7,24,20,5,56
MONTEAGUDO,"anticoncepcion, prevencion de its y de cancer de cuello uterino",numero de mujeres con muestras de pap tomadas,2016-06-01,2,18,127,174,46,367
MONTERO,"anticoncepcion, prevencion de its y de cancer de cuello uterino",numero de mujeres con muestras de pap tomadas,2016-06-01,0,12,109,56,17,194
MORO MORO,"anticoncepcion, prevencion de its y de cancer de cuello uterino",numero de mujeres con muestras de pap tomadas,2016-06-01,0,3,10,2,1,16
MOROCHATA,"anticoncepcion, prevencion de its y de cancer de cuello uterino",numero de mujeres con muestras de pap tomadas,2016-06-01,0,1,2,0,1,4
NACEBE (SANTA ROSA DEL ABUNA),"anticoncepcion, prevencion de its y de cancer de cuello uterino",numero de mujeres con muestras de pap tomadas,2016-06-01,0,0,1,1,1,3
NAZACARA DE PACAJES,"anticoncepcion, prevencion de its y de cancer de cuello uterino",numero de mujeres con muestras de pap tomadas,2016-06-01,0,0,1,0,0,1
OCURI,"anticoncepcion, prevencion de its y de cancer de cuello uterino",numero de mujeres con muestras de pap tomadas,2016-06-01,0,0,28,29,9,66
OKINAWA,"anticoncepcion, prevencion de its y de cancer de cuello uterino",numero de mujeres con muestras de pap tomadas,2016-06-01,0,0,4,0,3,7
OMEREQUE,"anticoncepcion, prevencion de its y de cancer de cuello uterino",numero de mujeres con muestras de pap tomadas,2016-06-01,0,1,9,11,5,26
ORURO,"anticoncepcion, prevencion de its y de cancer de cuello uterino",numero de mujeres con muestras de pap tomadas,2016-06-01,2,89,1005,549,221,1866
PADCAYA,"anticoncepcion, prevencion de its y de cancer de cuello uterino",numero de mujeres con muestras de pap tomadas,2016-06-01,0,3,60,48,29,140
PADILLA,"anticoncepcion, prevencion de its y de cancer de cuello uterino",numero de mujeres con muestras de pap tomadas,2016-06-01,0,5,104,107,33,249
PAILON,"anticoncepcion, prevencion de its y de cancer de cuello uterino",numero de mujeres con muestras de pap tomadas,2016-06-01,1,3,20,6,2,32
PALCA,"anticoncepcion, prevencion de its y de cancer de cuello uterino",numero de mujeres con muestras de pap tomadas,2016-06-01,0,4,21,5,2,32
PALOS BLANCOS,"anticoncepcion, prevencion de its y de cancer de cuello uterino",numero de mujeres con muestras de pap tomadas,2016-06-01,0,19,89,56,16,180
PAMPA GRANDE,"anticoncepcion, prevencion de its y de cancer de cuello uterino",numero de mujeres con muestras de pap tomadas,2016-06-01,0,2,2,1,1,6
PAPEL PAMPA,"anticoncepcion, prevencion de its y de cancer de cuello uterino",numero de mujeres con muestras de pap tomadas,2016-06-01,0,2,18,6,1,27
PASORAPA,"anticoncepcion, prevencion de its y de cancer de cuello uterino",numero de mujeres con muestras de pap tomadas,2016-06-01,0,2,13,17,9,41
PATACAMAYA,"anticoncepcion, prevencion de its y de cancer de cuello uterino",numero de mujeres con muestras de pap tomadas,2016-06-01,0,0,5,6,1,12
PAZÑA,"anticoncepcion, prevencion de its y de cancer de cuello uterino",numero de mujeres con muestras de pap tomadas,2016-06-01,0,5,44,10,14,73
PELECHUCO,"anticoncepcion, prevencion de its y de cancer de cuello uterino",numero de mujeres con muestras de pap tomadas,2016-06-01,1,1,45,25,7,79
POCOATA,"anticoncepcion, prevencion de its y de cancer de cuello uterino",numero de mujeres con muestras de pap tomadas,2016-06-01,0,7,49,44,15,115
POCONA,"anticoncepcion, prevencion de its y de cancer de cuello uterino",numero de mujeres con muestras de pap tomadas,2016-06-01,0,3,12,18,12,45
POJO (CBBA),"anticoncepcion, prevencion de its y de cancer de cuello uterino",numero de mujeres con muestras de pap tomadas,2016-06-01,0,0,5,5,0,10
POOPO,"anticoncepcion, prevencion de its y de cancer de cuello uterino",numero de mujeres con muestras de pap tomadas,2016-06-01,0,0,1,0,0,1
PORCO,"anticoncepcion, prevencion de its y de cancer de cuello uterino",numero de mujeres con muestras de pap tomadas,2016-06-01,0,5,73,53,7,138
POROMA,"anticoncepcion, prevencion de its y de cancer de cuello uterino",numero de mujeres con muestras de pap tomadas,2016-06-01,0,35,154,130,51,370
PORONGO,"anticoncepcion, prevencion de its y de cancer de cuello uterino",numero de mujeres con muestras de pap tomadas,2016-06-01,0,3,17,8,2,30
PORTACHUELO,"anticoncepcion, prevencion de its y de cancer de cuello uterino",numero de mujeres con muestras de pap tomadas,2016-06-01,1,5,31,9,7,53
PORVENIR,"anticoncepcion, prevencion de its y de cancer de cuello uterino",numero de mujeres con muestras de pap tomadas,2016-06-01,1,3,15,10,2,31
POSTRER VALLE,"anticoncepcion, prevencion de its y de cancer de cuello uterino",numero de mujeres con muestras de pap tomadas,2016-06-01,0,0,1,2,0,3
POTOSI,"anticoncepcion, prevencion de its y de cancer de cuello uterino",numero de mujeres con muestras de pap tomadas,2016-06-01,6,55,551,275,42,929
PRESTO,"anticoncepcion, prevencion de its y de cancer de cuello uterino",numero de mujeres con muestras de pap tomadas,2016-06-01,0,13,52,45,12,122
PUCARA,"anticoncepcion, prevencion de its y de cancer de cuello uterino",numero de mujeres con muestras de pap tomadas,2016-06-01,0,0,1,1,0,2
PUCARANI,"anticoncepcion, prevencion de its y de cancer de cuello uterino",numero de mujeres con muestras de pap tomadas,2016-06-01,0,2,20,12,5,39
PUERTO ACOSTA,"anticoncepcion, prevencion de its y de cancer de cuello uterino",numero de mujeres con muestras de pap tomadas,2016-06-01,0,0,2,2,0,4
PUERTO CARABUCO,"anticoncepcion, prevencion de its y de cancer de cuello uterino",numero de mujeres con muestras de pap tomadas,2016-06-01,0,3,14,4,4,25
PUERTO GONZALO MORENO,"anticoncepcion, prevencion de its y de cancer de cuello uterino",numero de mujeres con muestras de pap tomadas,2016-06-01,0,12,19,12,4,47
PUERTO PEREZ,"anticoncepcion, prevencion de its y de cancer de cuello uterino",numero de mujeres con muestras de pap tomadas,2016-06-01,0,0,5,1,5,11
PUERTO QUIJARRO,"anticoncepcion, prevencion de its y de cancer de cuello uterino",numero de mujeres con muestras de pap tomadas,2016-06-01,0,12,21,5,0,38
PUERTO RICO,"anticoncepcion, prevencion de its y de cancer de cuello uterino",numero de mujeres con muestras de pap tomadas,2016-06-01,0,6,63,24,7,100
PUERTO SUAREZ,"anticoncepcion, prevencion de its y de cancer de cuello uterino",numero de mujeres con muestras de pap tomadas,2016-06-01,1,13,50,27,12,103
PUERTO VILLARROEL,"anticoncepcion, prevencion de its y de cancer de cuello uterino",numero de mujeres con muestras de pap tomadas,2016-06-01,1,37,97,33,6,174
PUNA,"anticoncepcion, prevencion de its y de cancer de cuello uterino",numero de mujeres con muestras de pap tomadas,2016-06-01,0,1,20,12,6,39
PUNATA,"anticoncepcion, prevencion de its y de cancer de cuello uterino",numero de mujeres con muestras de pap tomadas,2016-06-01,0,10,60,28,13,111
QUIABAYA,"anticoncepcion, prevencion de its y de cancer de cuello uterino",numero de mujeres con muestras de pap tomadas,2016-06-01,0,9,38,12,13,72
QUILLACOLLO,"anticoncepcion, prevencion de its y de cancer de cuello uterino",numero de mujeres con muestras de pap tomadas,2016-06-01,0,63,299,137,56,555
QUIME,"anticoncepcion, prevencion de its y de cancer de cuello uterino",numero de mujeres con muestras de pap tomadas,2016-06-01,0,0,9,2,0,11
QUIRUSILLAS,"anticoncepcion, prevencion de its y de cancer de cuello uterino",numero de mujeres con muestras de pap tomadas,2016-06-01,0,3,3,3,1,10
RAVELO,"anticoncepcion, prevencion de its y de cancer de cuello uterino",numero de mujeres con muestras de pap tomadas,2016-06-01,0,4,16,23,4,47
REYES,"anticoncepcion, prevencion de its y de cancer de cuello uterino",numero de mujeres con muestras de pap tomadas,2016-06-01,0,0,1,0,0,1
RIBERALTA,"anticoncepcion, prevencion de its y de cancer de cuello uterino",numero de mujeres con muestras de pap tomadas,2016-06-01,2,102,415,221,68,808
RURRENABAQUE,"anticoncepcion, prevencion de its y de cancer de cuello uterino",numero de mujeres con muestras de pap tomadas,2016-06-01,0,1,4,2,1,8
SABAYA,"anticoncepcion, prevencion de its y de cancer de cuello uterino",numero de mujeres con muestras de pap tomadas,2016-06-01,0,0,1,3,1,5
SACABA,"anticoncepcion, prevencion de its y de cancer de cuello uterino",numero de mujeres con muestras de pap tomadas,2016-06-01,5,37,261,152,48,503
SACABAMBA,"anticoncepcion, prevencion de its y de cancer de cuello uterino",numero de mujeres con muestras de pap tomadas,2016-06-01,1,0,8,7,18,34
SACACA,"anticoncepcion, prevencion de its y de cancer de cuello uterino",numero de mujeres con muestras de pap tomadas,2016-06-01,0,15,42,30,5,92
SAIPINA,"anticoncepcion, prevencion de its y de cancer de cuello uterino",numero de mujeres con muestras de pap tomadas,2016-06-01,0,1,5,2,2,10
SALINAS DE GARCI MENDOZA,"anticoncepcion, prevencion de its y de cancer de cuello uterino",numero de mujeres con muestras de pap tomadas,2016-06-01,0,2,2,1,0,5
SAMAIPATA,"anticoncepcion, prevencion de its y de cancer de cuello uterino",numero de mujeres con muestras de pap tomadas,2016-06-01,0,0,5,5,1,11
SAN AGUSTIN,"anticoncepcion, prevencion de its y de cancer de cuello uterino",numero de mujeres con muestras de pap tomadas,2016-06-01,0,0,3,0,5,8
SAN ANDRES,"anticoncepcion, prevencion de its y de cancer de cuello uterino",numero de mujeres con muestras de pap tomadas,2016-06-01,0,0,3,1,0,4
SAN ANDRES DE MACHACA,"anticoncepcion, prevencion de its y de cancer de cuello uterino",numero de mujeres con muestras de pap tomadas,2016-06-01,0,0,0,2,1,3
SAN ANTONIO DE ESMORUCO,"anticoncepcion, prevencion de its y de cancer de cuello uterino",numero de mujeres con muestras de pap tomadas,2016-06-01,0,2,9,2,2,15
SAN ANTONIO DE LOMERIO,"anticoncepcion, prevencion de its y de cancer de cuello uterino",numero de mujeres con muestras de pap tomadas,2016-06-01,0,0,2,0,0,2
SAN BENITO,"anticoncepcion, prevencion de its y de cancer de cuello uterino",numero de mujeres con muestras de pap tomadas,2016-06-01,0,1,10,7,2,20
SAN BORJA,"anticoncepcion, prevencion de its y de cancer de cuello uterino",numero de mujeres con muestras de pap tomadas,2016-06-01,0,2,15,8,6,31
SAN BUENA VENTURA,"anticoncepcion, prevencion de its y de cancer de cuello uterino",numero de mujeres con muestras de pap tomadas,2016-06-01,0,2,7,7,0,16
SAN CARLOS,"anticoncepcion, prevencion de its y de cancer de cuello uterino",numero de mujeres con muestras de pap tomadas,2016-06-01,0,5,40,18,4,67
SAN IGNACIO,"anticoncepcion, prevencion de its y de cancer de cuello uterino",numero de mujeres con muestras de pap tomadas,2016-06-01,0,1,14,14,1,30
SAN IGNACIO DE VELASCO,"anticoncepcion, prevencion de its y de cancer de cuello uterino",numero de mujeres con muestras de pap tomadas,2016-06-01,0,29,94,36,6,165
SAN JAVIER(STC),"anticoncepcion, prevencion de its y de cancer de cuello uterino",numero de mujeres con muestras de pap tomadas,2016-06-01,0,1,6,4,1,12
SAN JOAQUIN,"anticoncepcion, prevencion de its y de cancer de cuello uterino",numero de mujeres con muestras de pap tomadas,2016-06-01,0,0,18,0,0,18
SAN JUAN DE YAPACANI,"anticoncepcion, prevencion de its y de cancer de cuello uterino",numero de mujeres con muestras de pap tomadas,2016-06-01,0,1,23,16,10,50
SAN JULIAN,"anticoncepcion, prevencion de its y de cancer de cuello uterino",numero de mujeres con muestras de pap tomadas,2016-06-01,0,2,35,26,8,71
SAN LORENZO(TJA),"anticoncepcion, prevencion de its y de cancer de cuello uterino",numero de mujeres con muestras de pap tomadas,2016-06-01,0,3,35,26,7,71
SAN LUCAS,"anticoncepcion, prevencion de its y de cancer de cuello uterino",numero de mujeres con muestras de pap tomadas,2016-06-01,1,38,162,159,106,466
SAN MIGUEL DE VELASCO,"anticoncepcion, prevencion de its y de cancer de cuello uterino",numero de mujeres con muestras de pap tomadas,2016-06-01,0,1,17,12,1,31
SAN PABLO DE LIPEZ,"anticoncepcion, prevencion de its y de cancer de cuello uterino",numero de mujeres con muestras de pap tomadas,2016-06-01,0,1,1,2,2,6
SAN PEDRO,"anticoncepcion, prevencion de its y de cancer de cuello uterino",numero de mujeres con muestras de pap tomadas,2016-06-01,0,3,30,18,6,57
SAN PEDRO DE BUENA VISTA,"anticoncepcion, prevencion de its y de cancer de cuello uterino",numero de mujeres con muestras de pap tomadas,2016-06-01,0,4,25,18,3,50
SAN PEDRO DE CURAHUARA,"anticoncepcion, prevencion de its y de cancer de cuello uterino",numero de mujeres con muestras de pap tomadas,2016-06-01,0,0,1,0,0,1
SAN PEDRO DE QUEMES,"anticoncepcion, prevencion de its y de cancer de cuello uterino",numero de mujeres con muestras de pap tomadas,2016-06-01,0,0,0,1,0,1
SAN PEDRO DE TIQUINA,"anticoncepcion, prevencion de its y de cancer de cuello uterino",numero de mujeres con muestras de pap tomadas,2016-06-01,0,0,15,6,2,23
SAN RAFAEL,"anticoncepcion, prevencion de its y de cancer de cuello uterino",numero de mujeres con muestras de pap tomadas,2016-06-01,0,0,3,0,0,3
SAN RAMON BENI,"anticoncepcion, prevencion de its y de cancer de cuello uterino",numero de mujeres con muestras de pap tomadas,2016-06-01,0,1,7,2,0,10
SAN RAMON SCZ,"anticoncepcion, prevencion de its y de cancer de cuello uterino",numero de mujeres con muestras de pap tomadas,2016-06-01,0,5,13,5,2,25
SANTA ANA,"anticoncepcion, prevencion de its y de cancer de cuello uterino",numero de mujeres con muestras de pap tomadas,2016-06-01,0,0,3,2,4,9
SANTA CRUZ DE LA SIERRA,"anticoncepcion, prevencion de its y de cancer de cuello uterino",numero de mujeres con muestras de pap tomadas,2016-06-01,15,450,2601,1454,582,5102
SANTA ROSA DEL SARA,"anticoncepcion, prevencion de its y de cancer de cuello uterino",numero de mujeres con muestras de pap tomadas,2016-06-01,0,3,17,6,4,30
SANTIAGO DE CALLAPA,"anticoncepcion, prevencion de its y de cancer de cuello uterino",numero de mujeres con muestras de pap tomadas,2016-06-01,0,2,3,0,0,5
SANTIAGO DE HUARI,"anticoncepcion, prevencion de its y de cancer de cuello uterino",numero de mujeres con muestras de pap tomadas,2016-06-01,0,0,2,0,0,2
SANTIAGO DE HUATA,"anticoncepcion, prevencion de its y de cancer de cuello uterino",numero de mujeres con muestras de pap tomadas,2016-06-01,0,0,6,5,8,19
SANTIAGO DE MACHACA,"anticoncepcion, prevencion de its y de cancer de cuello uterino",numero de mujeres con muestras de pap tomadas,2016-06-01,0,0,0,3,0,3
SANTIVAÑES,"anticoncepcion, prevencion de its y de cancer de cuello uterino",numero de mujeres con muestras de pap tomadas,2016-06-01,0,0,4,2,0,6
SANTUARIO DE QUILLACAS,"anticoncepcion, prevencion de its y de cancer de cuello uterino",numero de mujeres con muestras de pap tomadas,2016-06-01,0,0,14,7,3,24
SAPAHAQUI,"anticoncepcion, prevencion de its y de cancer de cuello uterino",numero de mujeres con muestras de pap tomadas,2016-06-01,1,8,44,43,19,115
SENA,"anticoncepcion, prevencion de its y de cancer de cuello uterino",numero de mujeres con muestras de pap tomadas,2016-06-01,0,11,30,13,7,61
SHINAOTA,"anticoncepcion, prevencion de its y de cancer de cuello uterino",numero de mujeres con muestras de pap tomadas,2016-06-01,0,1,8,2,0,11
SICA SICA (VILLA AROMA),"anticoncepcion, prevencion de its y de cancer de cuello uterino",numero de mujeres con muestras de pap tomadas,2016-06-01,0,2,21,10,2,35
SICAYA,"anticoncepcion, prevencion de its y de cancer de cuello uterino",numero de mujeres con muestras de pap tomadas,2016-06-01,0,0,0,1,0,1
SIPE SIPE,"anticoncepcion, prevencion de its y de cancer de cuello uterino",numero de mujeres con muestras de pap tomadas,2016-06-01,0,10,59,34,19,122
SOPACHUY,"anticoncepcion, prevencion de its y de cancer de cuello uterino",numero de mujeres con muestras de pap tomadas,2016-06-01,0,8,23,19,5,55
SORACACHI,"anticoncepcion, prevencion de its y de cancer de cuello uterino",numero de mujeres con muestras de pap tomadas,2016-06-01,0,5,61,56,20,142
SORATA,"anticoncepcion, prevencion de its y de cancer de cuello uterino",numero de mujeres con muestras de pap tomadas,2016-06-01,0,4,20,15,1,40
SUCRE,"anticoncepcion, prevencion de its y de cancer de cuello uterino",numero de mujeres con muestras de pap tomadas,2016-06-01,14,327,1876,1090,356,3663
TACACOMA,"anticoncepcion, prevencion de its y de cancer de cuello uterino",numero de mujeres con muestras de pap tomadas,2016-06-01,0,0,1,2,1,4
TACOBAMBA,"anticoncepcion, prevencion de its y de cancer de cuello uterino",numero de mujeres con muestras de pap tomadas,2016-06-01,0,0,2,4,0,6
TACOPAYA,"anticoncepcion, prevencion de its y de cancer de cuello uterino",numero de mujeres con muestras de pap tomadas,2016-06-01,0,0,6,3,1,10
TAPACARI,"anticoncepcion, prevencion de its y de cancer de cuello uterino",numero de mujeres con muestras de pap tomadas,2016-06-01,1,3,16,8,3,31
TARABUCO,"anticoncepcion, prevencion de its y de cancer de cuello uterino",numero de mujeres con muestras de pap tomadas,2016-06-01,0,3,195,228,42,468
TARACO,"anticoncepcion, prevencion de its y de cancer de cuello uterino",numero de mujeres con muestras de pap tomadas,2016-06-01,0,0,11,5,0,16
TARATA,"anticoncepcion, prevencion de its y de cancer de cuello uterino",numero de mujeres con muestras de pap tomadas,2016-06-01,0,5,5,11,2,23
TARIJA,"anticoncepcion, prevencion de its y de cancer de cuello uterino",numero de mujeres con muestras de pap tomadas,2016-06-01,6,45,605,457,173,1286
TARVITA,"anticoncepcion, prevencion de its y de cancer de cuello uterino",numero de mujeres con muestras de pap tomadas,2016-06-01,3,19,51,78,21,172
TEOPONTE,"anticoncepcion, prevencion de its y de cancer de cuello uterino",numero de mujeres con muestras de pap tomadas,2016-06-01,2,4,46,16,5,73
TIAWANACU,"anticoncepcion, prevencion de its y de cancer de cuello uterino",numero de mujeres con muestras de pap tomadas,2016-06-01,0,4,14,3,2,23
TINGUIPAYA,"anticoncepcion, prevencion de its y de cancer de cuello uterino",numero de mujeres con muestras de pap tomadas,2016-06-01,0,1,37,27,2,67
TIPUANI,"anticoncepcion, prevencion de its y de cancer de cuello uterino",numero de mujeres con muestras de pap tomadas,2016-06-01,0,4,29,9,1,43
TIQUIPAYA,"anticoncepcion, prevencion de its y de cancer de cuello uterino",numero de mujeres con muestras de pap tomadas,2016-06-01,0,14,71,34,15,134
TIRAQUE (CBBA),"anticoncepcion, prevencion de its y de cancer de cuello uterino",numero de mujeres con muestras de pap tomadas,2016-06-01,0,4,21,11,3,39
TITO YUPANQUI (PARQUIPUJIO),"anticoncepcion, prevencion de its y de cancer de cuello uterino",numero de mujeres con muestras de pap tomadas,2016-06-01,0,1,1,0,0,2
TOCO,"anticoncepcion, prevencion de its y de cancer de cuello uterino",numero de mujeres con muestras de pap tomadas,2016-06-01,1,2,11,5,1,20
TOLATA,"anticoncepcion, prevencion de its y de cancer de cuello uterino",numero de mujeres con muestras de pap tomadas,2016-06-01,0,1,10,5,2,18
TOLEDO,"anticoncepcion, prevencion de its y de cancer de cuello uterino",numero de mujeres con muestras de pap tomadas,2016-06-01,0,0,2,1,0,3
TOMAVE,"anticoncepcion, prevencion de its y de cancer de cuello uterino",numero de mujeres con muestras de pap tomadas,2016-06-01,0,3,28,20,3,54
TOMINA,"anticoncepcion, prevencion de its y de cancer de cuello uterino",numero de mujeres con muestras de pap tomadas,2016-06-01,0,5,37,33,9,84
TORO TORO,"anticoncepcion, prevencion de its y de cancer de cuello uterino",numero de mujeres con muestras de pap tomadas,2016-06-01,0,11,42,43,13,109
TOTORA(CBBA),"anticoncepcion, prevencion de its y de cancer de cuello uterino",numero de mujeres con muestras de pap tomadas,2016-06-01,0,0,3,3,0,6
TOTORA(ORR),"anticoncepcion, prevencion de its y de cancer de cuello uterino",numero de mujeres con muestras de pap tomadas,2016-06-01,0,0,1,2,1,4
TRIGAL,"anticoncepcion, prevencion de its y de cancer de cuello uterino",numero de mujeres con muestras de pap tomadas,2016-06-01,0,0,8,2,3,13
TRINIDAD,"anticoncepcion, prevencion de its y de cancer de cuello uterino",numero de mujeres con muestras de pap tomadas,2016-06-01,4,40,268,152,68,532
TUPIZA,"anticoncepcion, prevencion de its y de cancer de cuello uterino",numero de mujeres con muestras de pap tomadas,2016-06-01,0,6,101,76,32,215
TURCO,"anticoncepcion, prevencion de its y de cancer de cuello uterino",numero de mujeres con muestras de pap tomadas,2016-06-01,0,0,5,5,2,12
UMALA,"anticoncepcion, prevencion de its y de cancer de cuello uterino",numero de mujeres con muestras de pap tomadas,2016-06-01,0,0,1,2,1,4
UNCIA,"anticoncepcion, prevencion de its y de cancer de cuello uterino",numero de mujeres con muestras de pap tomadas,2016-06-01,0,0,9,9,1,19
URIONDO (A. CONCEPCION),"anticoncepcion, prevencion de its y de cancer de cuello uterino",numero de mujeres con muestras de pap tomadas,2016-06-01,0,2,11,4,1,18
URUBICHA,"anticoncepcion, prevencion de its y de cancer de cuello uterino",numero de mujeres con muestras de pap tomadas,2016-06-01,0,4,9,9,1,23
UYUNI,"anticoncepcion, prevencion de its y de cancer de cuello uterino",numero de mujeres con muestras de pap tomadas,2016-06-01,0,1,1,2,1,5
VACAS,"anticoncepcion, prevencion de its y de cancer de cuello uterino",numero de mujeres con muestras de pap tomadas,2016-06-01,0,1,4,3,1,9
VALLEGRANDE,"anticoncepcion, prevencion de its y de cancer de cuello uterino",numero de mujeres con muestras de pap tomadas,2016-06-01,1,15,64,44,9,133
VIACHA,"anticoncepcion, prevencion de its y de cancer de cuello uterino",numero de mujeres con muestras de pap tomadas,2016-06-01,0,26,139,75,39,279
VILA VILA,"anticoncepcion, prevencion de its y de cancer de cuello uterino",numero de mujeres con muestras de pap tomadas,2016-06-01,0,1,1,2,0,4
VILLA CHARCAS,"anticoncepcion, prevencion de its y de cancer de cuello uterino",numero de mujeres con muestras de pap tomadas,2016-06-01,0,10,66,43,6,125
VILLA MONTES,"anticoncepcion, prevencion de its y de cancer de cuello uterino",numero de mujeres con muestras de pap tomadas,2016-06-01,1,45,218,107,41,412
VILLA NUEVA (LOMA ALTA),"anticoncepcion, prevencion de its y de cancer de cuello uterino",numero de mujeres con muestras de pap tomadas,2016-06-01,0,0,2,1,0,3
VILLA RIVERO,"anticoncepcion, prevencion de its y de cancer de cuello uterino",numero de mujeres con muestras de pap tomadas,2016-06-01,0,6,13,1,0,20
VILLA SERRANO,"anticoncepcion, prevencion de its y de cancer de cuello uterino",numero de mujeres con muestras de pap tomadas,2016-06-01,1,10,39,53,40,143
VILLA TUNARI,"anticoncepcion, prevencion de its y de cancer de cuello uterino",numero de mujeres con muestras de pap tomadas,2016-06-01,0,9,97,70,24,200
VILLA VACA GUZMAN (MUYUPAMPA),"anticoncepcion, prevencion de its y de cancer de cuello uterino",numero de mujeres con muestras de pap tomadas,2016-06-01,0,17,145,136,31,329
VILLAZON,"anticoncepcion, prevencion de its y de cancer de cuello uterino",numero de mujeres con muestras de pap tomadas,2016-06-01,0,19,120,56,20,215
VINTO,"anticoncepcion, prevencion de its y de cancer de cuello uterino",numero de mujeres con muestras de pap tomadas,2016-06-01,0,1,46,23,1,71
VITICHI,"anticoncepcion, prevencion de its y de cancer de cuello uterino",numero de mujeres con muestras de pap tomadas,2016-06-01,0,1,11,10,10,32
WALDO BALLIVIAN,"anticoncepcion, prevencion de its y de cancer de cuello uterino",numero de mujeres con muestras de pap tomadas,2016-06-01,0,0,2,1,2,5
WARNES,"anticoncepcion, prevencion de its y de cancer de cuello uterino",numero de mujeres con muestras de pap tomadas,2016-06-01,1,33,144,49,9,236
YACO,"anticoncepcion, prevencion de its y de cancer de cuello uterino",numero de mujeres con muestras de pap tomadas,2016-06-01,0,10,24,16,12,62
YACUIBA,"anticoncepcion, prevencion de its y de cancer de cuello uterino",numero de mujeres con muestras de pap tomadas,2016-06-01,0,22,167,124,61,374
YAMPARAEZ,"anticoncepcion, prevencion de its y de cancer de cuello uterino",numero de mujeres con muestras de pap tomadas,2016-06-01,0,7,8,16,12,43
YANACACHI,"anticoncepcion, prevencion de its y de cancer de cuello uterino",numero de mujeres con muestras de pap tomadas,2016-06-01,0,1,3,1,0,5
YAPACANI,"anticoncepcion, prevencion de its y de cancer de cuello uterino",numero de mujeres con muestras de pap tomadas,2016-06-01,2,9,63,36,9,119
YOCALLA,"anticoncepcion, prevencion de its y de cancer de cuello uterino",numero de mujeres con muestras de pap tomadas,2016-06-01,0,1,3,8,0,12
YOTALA,"anticoncepcion, prevencion de its y de cancer de cuello uterino",numero de mujeres con muestras de pap tomadas,2016-06-01,0,7,18,28,14,67
YUNCHARA,"anticoncepcion, prevencion de its y de cancer de cuello uterino",numero de mujeres con muestras de pap tomadas,2016-06-01,0,2,28,42,21,93
YUNGUYO DE LITORAL,"anticoncepcion, prevencion de its y de cancer de cuello uterino",numero de mujeres con muestras de pap tomadas,2016-06-01,0,0,0,1,0,1
ZUDAÑEZ,"anticoncepcion, prevencion de its y de cancer de cuello uterino",numero de mujeres con muestras de pap tomadas,2016-06-01,0,12,59,49,8,128
ACACIO,"anticoncepcion, prevencion de its y de cancer de cuello uterino",numero de mujeres con muestras de pap tomadas,2016-07-01,0,5,7,9,3,24
ACHACACHI,"anticoncepcion, prevencion de its y de cancer de cuello uterino",numero de mujeres con muestras de pap tomadas,2016-07-01,1,11,68,39,10,129
ACHOCALLA,"anticoncepcion, prevencion de its y de cancer de cuello uterino",numero de mujeres con muestras de pap tomadas,2016-07-01,0,1,7,10,4,22
AIQUILE,"anticoncepcion, prevencion de its y de cancer de cuello uterino",numero de mujeres con muestras de pap tomadas,2016-07-01,0,3,30,24,5,62
ALALAY,"anticoncepcion, prevencion de its y de cancer de cuello uterino",numero de mujeres con muestras de pap tomadas,2016-07-01,0,0,1,3,0,4
ALCALA,"anticoncepcion, prevencion de its y de cancer de cuello uterino",numero de mujeres con muestras de pap tomadas,2016-07-01,0,5,14,13,9,41
ALTO BENI,"anticoncepcion, prevencion de its y de cancer de cuello uterino",numero de mujeres con muestras de pap tomadas,2016-07-01,1,4,23,18,20,66
ANCORAIMES,"anticoncepcion, prevencion de its y de cancer de cuello uterino",numero de mujeres con muestras de pap tomadas,2016-07-01,0,2,6,3,0,11
ANDAMARCA,"anticoncepcion, prevencion de its y de cancer de cuello uterino",numero de mujeres con muestras de pap tomadas,2016-07-01,0,0,1,0,0,1
ANZALDO,"anticoncepcion, prevencion de its y de cancer de cuello uterino",numero de mujeres con muestras de pap tomadas,2016-07-01,0,4,19,5,3,31
APOLO,"anticoncepcion, prevencion de its y de cancer de cuello uterino",numero de mujeres con muestras de pap tomadas,2016-07-01,0,4,28,21,7,60
ARAMPAMPA,"anticoncepcion, prevencion de its y de cancer de cuello uterino",numero de mujeres con muestras de pap tomadas,2016-07-01,0,1,2,0,0,3
ARANI,"anticoncepcion, prevencion de its y de cancer de cuello uterino",numero de mujeres con muestras de pap tomadas,2016-07-01,0,4,5,2,3,14
ARBIETO,"anticoncepcion, prevencion de its y de cancer de cuello uterino",numero de mujeres con muestras de pap tomadas,2016-07-01,0,12,35,19,8,74
ARQUE,"anticoncepcion, prevencion de its y de cancer de cuello uterino",numero de mujeres con muestras de pap tomadas,2016-07-01,0,1,1,3,0,5
ASCENCION DE GUARAYOS,"anticoncepcion, prevencion de its y de cancer de cuello uterino",numero de mujeres con muestras de pap tomadas,2016-07-01,4,18,89,28,8,147
ATOCHA,"anticoncepcion, prevencion de its y de cancer de cuello uterino",numero de mujeres con muestras de pap tomadas,2016-07-01,0,1,15,5,6,27
AUCAPATA,"anticoncepcion, prevencion de its y de cancer de cuello uterino",numero de mujeres con muestras de pap tomadas,2016-07-01,0,0,1,2,0,3
AYATA,"anticoncepcion, prevencion de its y de cancer de cuello uterino",numero de mujeres con muestras de pap tomadas,2016-07-01,0,0,8,4,0,12
AYO AYO,"anticoncepcion, prevencion de its y de cancer de cuello uterino",numero de mujeres con muestras de pap tomadas,2016-07-01,0,1,3,0,0,4
AYOPAYA (V. DE INDEPENDENCIA),"anticoncepcion, prevencion de its y de cancer de cuello uterino",numero de mujeres con muestras de pap tomadas,2016-07-01,0,0,14,8,2,24
AZURDUY,"anticoncepcion, prevencion de its y de cancer de cuello uterino",numero de mujeres con muestras de pap tomadas,2016-07-01,0,5,19,20,7,51
BATALLAS,"anticoncepcion, prevencion de its y de cancer de cuello uterino",numero de mujeres con muestras de pap tomadas,2016-07-01,0,3,18,14,4,39
BAURES,"anticoncepcion, prevencion de its y de cancer de cuello uterino",numero de mujeres con muestras de pap tomadas,2016-07-01,0,0,0,1,0,1
BELLA FLOR,"anticoncepcion, prevencion de its y de cancer de cuello uterino",numero de mujeres con muestras de pap tomadas,2016-07-01,0,3,6,7,0,16
BERMEJO,"anticoncepcion, prevencion de its y de cancer de cuello uterino",numero de mujeres con muestras de pap tomadas,2016-07-01,0,8,50,38,12,108
BETANZOS,"anticoncepcion, prevencion de its y de cancer de cuello uterino",numero de mujeres con muestras de pap tomadas,2016-07-01,0,7,42,53,30,132
BOLPEBRA,"anticoncepcion, prevencion de its y de cancer de cuello uterino",numero de mujeres con muestras de pap tomadas,2016-07-01,1,7,10,17,4,39
BOYUIBE,"anticoncepcion, prevencion de its y de cancer de cuello uterino",numero de mujeres con muestras de pap tomadas,2016-07-01,0,1,4,2,1,8
BUENA VISTA,"anticoncepcion, prevencion de its y de cancer de cuello uterino",numero de mujeres con muestras de pap tomadas,2016-07-01,1,12,18,2,1,34
CABEZAS,"anticoncepcion, prevencion de its y de cancer de cuello uterino",numero de mujeres con muestras de pap tomadas,2016-07-01,0,7,39,20,12,78
CAIROMA,"anticoncepcion, prevencion de its y de cancer de cuello uterino",numero de mujeres con muestras de pap tomadas,2016-07-01,0,8,40,33,17,98
"CAIZA ""D""","anticoncepcion, prevencion de its y de cancer de cuello uterino",numero de mujeres con muestras de pap tomadas,2016-07-01,0,3,26,18,11,58
CAJUATA,"anticoncepcion, prevencion de its y de cancer de cuello uterino",numero de mujeres con muestras de pap tomadas,2016-07-01,0,2,6,1,0,9
CALACOTO,"anticoncepcion, prevencion de its y de cancer de cuello uterino",numero de mujeres con muestras de pap tomadas,2016-07-01,0,0,3,1,1,5
CALAMARCA,"anticoncepcion, prevencion de its y de cancer de cuello uterino",numero de mujeres con muestras de pap tomadas,2016-07-01,0,4,23,11,2,40
CAMARGO,"anticoncepcion, prevencion de its y de cancer de cuello uterino",numero de mujeres con muestras de pap tomadas,2016-07-01,0,10,17,18,11,56
CAMATAQUI (C. VILLA ABECIA),"anticoncepcion, prevencion de its y de cancer de cuello uterino",numero de mujeres con muestras de pap tomadas,2016-07-01,0,1,17,9,10,37
CAMIRI,"anticoncepcion, prevencion de its y de cancer de cuello uterino",numero de mujeres con muestras de pap tomadas,2016-07-01,0,6,31,35,5,77
CAPINOTA,"anticoncepcion, prevencion de its y de cancer de cuello uterino",numero de mujeres con muestras de pap tomadas,2016-07-01,0,12,44,19,2,77
CAQUIAVIRI,"anticoncepcion, prevencion de its y de cancer de cuello uterino",numero de mujeres con muestras de pap tomadas,2016-07-01,0,2,4,6,5,17
CARACOLLO,"anticoncepcion, prevencion de its y de cancer de cuello uterino",numero de mujeres con muestras de pap tomadas,2016-07-01,0,3,19,15,7,44
CARANAVI,"anticoncepcion, prevencion de its y de cancer de cuello uterino",numero de mujeres con muestras de pap tomadas,2016-07-01,0,29,113,82,42,266
CARAPARI,"anticoncepcion, prevencion de its y de cancer de cuello uterino",numero de mujeres con muestras de pap tomadas,2016-07-01,0,1,25,15,13,54
CARIPUYO,"anticoncepcion, prevencion de its y de cancer de cuello uterino",numero de mujeres con muestras de pap tomadas,2016-07-01,0,2,16,7,0,25
CARMEN RIVERO TORREZ,"anticoncepcion, prevencion de its y de cancer de cuello uterino",numero de mujeres con muestras de pap tomadas,2016-07-01,0,3,8,2,0,13
CATACORA,"anticoncepcion, prevencion de its y de cancer de cuello uterino",numero de mujeres con muestras de pap tomadas,2016-07-01,0,0,1,2,2,5
CHACARILLA,"anticoncepcion, prevencion de its y de cancer de cuello uterino",numero de mujeres con muestras de pap tomadas,2016-07-01,0,0,1,1,0,2
CHALLAPATA,"anticoncepcion, prevencion de its y de cancer de cuello uterino",numero de mujeres con muestras de pap tomadas,2016-07-01,0,3,25,12,5,45
CHAQUI,"anticoncepcion, prevencion de its y de cancer de cuello uterino",numero de mujeres con muestras de pap tomadas,2016-07-01,0,1,8,7,4,20
CHARAGUA,"anticoncepcion, prevencion de its y de cancer de cuello uterino",numero de mujeres con muestras de pap tomadas,2016-07-01,0,0,22,2,0,24
CHAYANTA,"anticoncepcion, prevencion de its y de cancer de cuello uterino",numero de mujeres con muestras de pap tomadas,2016-07-01,0,3,4,6,0,13
CHIMORE,"anticoncepcion, prevencion de its y de cancer de cuello uterino",numero de mujeres con muestras de pap tomadas,2016-07-01,0,3,7,6,1,17
CHIPAYA,"anticoncepcion, prevencion de its y de cancer de cuello uterino",numero de mujeres con muestras de pap tomadas,2016-07-01,0,0,1,1,0,2
CHOQUE COTA,"anticoncepcion, prevencion de its y de cancer de cuello uterino",numero de mujeres con muestras de pap tomadas,2016-07-01,0,0,0,2,0,2
CHUA COCANI,"anticoncepcion, prevencion de its y de cancer de cuello uterino",numero de mujeres con muestras de pap tomadas,2016-07-01,0,1,0,1,0,2
CHULUMANI (V. DE LA LIBERTAD),"anticoncepcion, prevencion de its y de cancer de cuello uterino",numero de mujeres con muestras de pap tomadas,2016-07-01,0,0,27,13,4,44
CHUMA,"anticoncepcion, prevencion de its y de cancer de cuello uterino",numero de mujeres con muestras de pap tomadas,2016-07-01,0,1,7,5,2,15
CHUQUIHUTA AYLLU JUCUMANI,"anticoncepcion, prevencion de its y de cancer de cuello uterino",numero de mujeres con muestras de pap tomadas,2016-07-01,0,1,5,7,1,14
CKOCHAS,"anticoncepcion, prevencion de its y de cancer de cuello uterino",numero de mujeres con muestras de pap tomadas,2016-07-01,0,0,7,9,2,18
CLIZA,"anticoncepcion, prevencion de its y de cancer de cuello uterino",numero de mujeres con muestras de pap tomadas,2016-07-01,1,9,33,14,2,59
COBIJA,"anticoncepcion, prevencion de its y de cancer de cuello uterino",numero de mujeres con muestras de pap tomadas,2016-07-01,1,31,148,89,16,285
COCAPATA,"anticoncepcion, prevencion de its y de cancer de cuello uterino",numero de mujeres con muestras de pap tomadas,2016-07-01,0,0,1,0,0,1
COCHABAMBA,"anticoncepcion, prevencion de its y de cancer de cuello uterino",numero de mujeres con muestras de pap tomadas,2016-07-01,8,136,2384,1649,551,4728
COIPASA,"anticoncepcion, prevencion de its y de cancer de cuello uterino",numero de mujeres con muestras de pap tomadas,2016-07-01,0,0,1,0,0,1
COLCAPIRHUA,"anticoncepcion, prevencion de its y de cancer de cuello uterino",numero de mujeres con muestras de pap tomadas,2016-07-01,2,28,118,71,17,236
"COLCHA ""K""","anticoncepcion, prevencion de its y de cancer de cuello uterino",numero de mujeres con muestras de pap tomadas,2016-07-01,0,0,4,3,1,8
COLLANA,"anticoncepcion, prevencion de its y de cancer de cuello uterino",numero de mujeres con muestras de pap tomadas,2016-07-01,0,0,2,0,0,2
COLOMI,"anticoncepcion, prevencion de its y de cancer de cuello uterino",numero de mujeres con muestras de pap tomadas,2016-07-01,0,9,18,2,1,30
COLPA BELGICA,"anticoncepcion, prevencion de its y de cancer de cuello uterino",numero de mujeres con muestras de pap tomadas,2016-07-01,0,3,5,2,0,10
COLQUECHACA,"anticoncepcion, prevencion de its y de cancer de cuello uterino",numero de mujeres con muestras de pap tomadas,2016-07-01,0,2,14,21,3,40
COLQUENCHA,"anticoncepcion, prevencion de its y de cancer de cuello uterino",numero de mujeres con muestras de pap tomadas,2016-07-01,0,2,9,1,0,12
COLQUIRI,"anticoncepcion, prevencion de its y de cancer de cuello uterino",numero de mujeres con muestras de pap tomadas,2016-07-01,0,4,7,3,0,14
COMANCHE,"anticoncepcion, prevencion de its y de cancer de cuello uterino",numero de mujeres con muestras de pap tomadas,2016-07-01,0,0,7,13,7,27
COMARAPA,"anticoncepcion, prevencion de its y de cancer de cuello uterino",numero de mujeres con muestras de pap tomadas,2016-07-01,0,2,11,19,4,36
CONCEPCION,"anticoncepcion, prevencion de its y de cancer de cuello uterino",numero de mujeres con muestras de pap tomadas,2016-07-01,2,5,17,6,2,32
COPACABANA,"anticoncepcion, prevencion de its y de cancer de cuello uterino",numero de mujeres con muestras de pap tomadas,2016-07-01,0,0,8,3,0,11
CORIPATA,"anticoncepcion, prevencion de its y de cancer de cuello uterino",numero de mujeres con muestras de pap tomadas,2016-07-01,0,0,19,12,5,36
CORO CORO,"anticoncepcion, prevencion de its y de cancer de cuello uterino",numero de mujeres con muestras de pap tomadas,2016-07-01,0,1,19,18,8,46
COROICO,"anticoncepcion, prevencion de its y de cancer de cuello uterino",numero de mujeres con muestras de pap tomadas,2016-07-01,0,5,33,16,15,69
CORQUE,"anticoncepcion, prevencion de its y de cancer de cuello uterino",numero de mujeres con muestras de pap tomadas,2016-07-01,0,0,4,1,1,6
COTAGAITA,"anticoncepcion, prevencion de its y de cancer de cuello uterino",numero de mujeres con muestras de pap tomadas,2016-07-01,1,15,164,117,70,367
COTOCA,"anticoncepcion, prevencion de its y de cancer de cuello uterino",numero de mujeres con muestras de pap tomadas,2016-07-01,0,34,146,67,17,264
CRUZ DE MACHACAMARCA,"anticoncepcion, prevencion de its y de cancer de cuello uterino",numero de mujeres con muestras de pap tomadas,2016-07-01,0,0,0,0,2,2
CUATRO CAÑADAS,"anticoncepcion, prevencion de its y de cancer de cuello uterino",numero de mujeres con muestras de pap tomadas,2016-07-01,0,9,25,26,5,65
CUCHUMUELA (V. G. VILLARROEL),"anticoncepcion, prevencion de its y de cancer de cuello uterino",numero de mujeres con muestras de pap tomadas,2016-07-01,0,1,0,0,0,1
CUEVO,"anticoncepcion, prevencion de its y de cancer de cuello uterino",numero de mujeres con muestras de pap tomadas,2016-07-01,0,2,9,4,2,17
CULPINA,"anticoncepcion, prevencion de its y de cancer de cuello uterino",numero de mujeres con muestras de pap tomadas,2016-07-01,0,33,85,68,26,212
CURAHUARA DE CARANGAS,"anticoncepcion, prevencion de its y de cancer de cuello uterino",numero de mujeres con muestras de pap tomadas,2016-07-01,0,0,1,4,1,6
CURVA,"anticoncepcion, prevencion de its y de cancer de cuello uterino",numero de mujeres con muestras de pap tomadas,2016-07-01,0,1,6,2,0,9
DESAGUADERO,"anticoncepcion, prevencion de its y de cancer de cuello uterino",numero de mujeres con muestras de pap tomadas,2016-07-01,0,0,2,7,2,11
EL ALTO,"anticoncepcion, prevencion de its y de cancer de cuello uterino",numero de mujeres con muestras de pap tomadas,2016-07-01,4,184,2138,1669,518,4513
EL CHORO,"anticoncepcion, prevencion de its y de cancer de cuello uterino",numero de mujeres con muestras de pap tomadas,2016-07-01,0,0,3,0,0,3
EL PUENTE(STC),"anticoncepcion, prevencion de its y de cancer de cuello uterino",numero de mujeres con muestras de pap tomadas,2016-07-01,0,3,13,9,2,27
EL PUENTE(TJA),"anticoncepcion, prevencion de its y de cancer de cuello uterino",numero de mujeres con muestras de pap tomadas,2016-07-01,0,4,20,26,6,56
EL TORNO,"anticoncepcion, prevencion de its y de cancer de cuello uterino",numero de mujeres con muestras de pap tomadas,2016-07-01,1,35,136,94,64,330
EL VILLAR,"anticoncepcion, prevencion de its y de cancer de cuello uterino",numero de mujeres con muestras de pap tomadas,2016-07-01,0,0,14,18,2,34
ENTRE RIOS TRJ,"anticoncepcion, prevencion de its y de cancer de cuello uterino",numero de mujeres con muestras de pap tomadas,2016-07-01,0,3,15,14,1,33
ENTRE RIOS CBBA,"anticoncepcion, prevencion de its y de cancer de cuello uterino",numero de mujeres con muestras de pap tomadas,2016-07-01,0,1,8,0,0,9
ESCOMA,"anticoncepcion, prevencion de its y de cancer de cuello uterino",numero de mujeres con muestras de pap tomadas,2016-07-01,0,3,6,3,1,13
EUREKA (SANTOS MERCADO),"anticoncepcion, prevencion de its y de cancer de cuello uterino",numero de mujeres con muestras de pap tomadas,2016-07-01,0,2,4,2,0,8
FERNANDEZ ALONSO,"anticoncepcion, prevencion de its y de cancer de cuello uterino",numero de mujeres con muestras de pap tomadas,2016-07-01,0,7,28,14,6,55
FILADELFIA,"anticoncepcion, prevencion de its y de cancer de cuello uterino",numero de mujeres con muestras de pap tomadas,2016-07-01,0,3,1,0,0,4
GENERAL SAAVEDRA,"anticoncepcion, prevencion de its y de cancer de cuello uterino",numero de mujeres con muestras de pap tomadas,2016-07-01,0,1,8,0,1,10
GRAL. J.J. PEREZ (CHARAZANI),"anticoncepcion, prevencion de its y de cancer de cuello uterino",numero de mujeres con muestras de pap tomadas,2016-07-01,0,0,9,4,0,13
GUANAY,"anticoncepcion, prevencion de its y de cancer de cuello uterino",numero de mujeres con muestras de pap tomadas,2016-07-01,0,6,38,13,0,57
GUAQUI,"anticoncepcion, prevencion de its y de cancer de cuello uterino",numero de mujeres con muestras de pap tomadas,2016-07-01,0,0,5,3,2,10
GUAYARAMERIN,"anticoncepcion, prevencion de its y de cancer de cuello uterino",numero de mujeres con muestras de pap tomadas,2016-07-01,3,24,81,51,12,171
GUTIERREZ,"anticoncepcion, prevencion de its y de cancer de cuello uterino",numero de mujeres con muestras de pap tomadas,2016-07-01,0,6,30,23,2,61
HUACARETA,"anticoncepcion, prevencion de its y de cancer de cuello uterino",numero de mujeres con muestras de pap tomadas,2016-07-01,0,1,8,7,4,20
HUACAYA (VILLA DE HUACAYA),"anticoncepcion, prevencion de its y de cancer de cuello uterino",numero de mujeres con muestras de pap tomadas,2016-07-01,0,1,1,7,0,9
HUACHACALLA,"anticoncepcion, prevencion de its y de cancer de cuello uterino",numero de mujeres con muestras de pap tomadas,2016-07-01,0,0,0,1,0,1
HUANUNI,"anticoncepcion, prevencion de its y de cancer de cuello uterino",numero de mujeres con muestras de pap tomadas,2016-07-01,0,6,70,75,24,175
HUARINA,"anticoncepcion, prevencion de its y de cancer de cuello uterino",numero de mujeres con muestras de pap tomadas,2016-07-01,0,0,3,1,0,4
HUATAJATA,"anticoncepcion, prevencion de its y de cancer de cuello uterino",numero de mujeres con muestras de pap tomadas,2016-07-01,0,0,0,1,2,3
HUMANATA,"anticoncepcion, prevencion de its y de cancer de cuello uterino",numero de mujeres con muestras de pap tomadas,2016-07-01,0,0,0,0,1,1
ICHOCA,"anticoncepcion, prevencion de its y de cancer de cuello uterino",numero de mujeres con muestras de pap tomadas,2016-07-01,0,0,3,1,0,4
ICLA,"anticoncepcion, prevencion de its y de cancer de cuello uterino",numero de mujeres con muestras de pap tomadas,2016-07-01,0,4,17,47,17,85
INCAHUASI,"anticoncepcion, prevencion de its y de cancer de cuello uterino",numero de mujeres con muestras de pap tomadas,2016-07-01,0,7,29,14,3,53
INQUISIVI,"anticoncepcion, prevencion de its y de cancer de cuello uterino",numero de mujeres con muestras de pap tomadas,2016-07-01,0,1,13,19,9,42
IRUPANA (VILLA DE LANZA),"anticoncepcion, prevencion de its y de cancer de cuello uterino",numero de mujeres con muestras de pap tomadas,2016-07-01,0,0,6,7,1,14
JESUS DE MACHACA,"anticoncepcion, prevencion de its y de cancer de cuello uterino",numero de mujeres con muestras de pap tomadas,2016-07-01,0,0,5,5,5,15
LA ASUNTA,"anticoncepcion, prevencion de its y de cancer de cuello uterino",numero de mujeres con muestras de pap tomadas,2016-07-01,0,7,42,17,9,75
LA GUARDIA,"anticoncepcion, prevencion de its y de cancer de cuello uterino",numero de mujeres con muestras de pap tomadas,2016-07-01,3,62,311,126,57,559
LA PAZ,"anticoncepcion, prevencion de its y de cancer de cuello uterino",numero de mujeres con muestras de pap tomadas,2016-07-01,2,137,1745,1464,701,4049
LAJA,"anticoncepcion, prevencion de its y de cancer de cuello uterino",numero de mujeres con muestras de pap tomadas,2016-07-01,0,13,38,14,11,76
LAS CARRERAS,"anticoncepcion, prevencion de its y de cancer de cuello uterino",numero de mujeres con muestras de pap tomadas,2016-07-01,0,0,2,0,2,4
LICOMA PAMPA,"anticoncepcion, prevencion de its y de cancer de cuello uterino",numero de mujeres con muestras de pap tomadas,2016-07-01,0,1,15,15,9,40
LLALLAGUA,"anticoncepcion, prevencion de its y de cancer de cuello uterino",numero de mujeres con muestras de pap tomadas,2016-07-01,0,3,36,19,10,68
LLICA,"anticoncepcion, prevencion de its y de cancer de cuello uterino",numero de mujeres con muestras de pap tomadas,2016-07-01,0,1,3,0,0,4
LURIBAY,"anticoncepcion, prevencion de its y de cancer de cuello uterino",numero de mujeres con muestras de pap tomadas,2016-07-01,0,1,13,9,8,31
MACHACAMARCA,"anticoncepcion, prevencion de its y de cancer de cuello uterino",numero de mujeres con muestras de pap tomadas,2016-07-01,0,0,6,5,3,14
MACHARETI,"anticoncepcion, prevencion de its y de cancer de cuello uterino",numero de mujeres con muestras de pap tomadas,2016-07-01,0,11,59,41,15,126
MAIRANA,"anticoncepcion, prevencion de its y de cancer de cuello uterino",numero de mujeres con muestras de pap tomadas,2016-07-01,0,4,10,6,1,21
MALLA,"anticoncepcion, prevencion de its y de cancer de cuello uterino",numero de mujeres con muestras de pap tomadas,2016-07-01,0,2,4,0,0,6
MAPIRI,"anticoncepcion, prevencion de its y de cancer de cuello uterino",numero de mujeres con muestras de pap tomadas,2016-07-01,0,1,11,7,3,22
MECAPACA,"anticoncepcion, prevencion de its y de cancer de cuello uterino",numero de mujeres con muestras de pap tomadas,2016-07-01,0,3,13,7,0,23
MINEROS,"anticoncepcion, prevencion de its y de cancer de cuello uterino",numero de mujeres con muestras de pap tomadas,2016-07-01,0,10,33,13,2,58
MIZQUE,"anticoncepcion, prevencion de its y de cancer de cuello uterino",numero de mujeres con muestras de pap tomadas,2016-07-01,0,6,21,23,1,51
MOCOMOCO,"anticoncepcion, prevencion de its y de cancer de cuello uterino",numero de mujeres con muestras de pap tomadas,2016-07-01,0,2,13,7,3,25
MOJINETE,"anticoncepcion, prevencion de its y de cancer de cuello uterino",numero de mujeres con muestras de pap tomadas,2016-07-01,0,0,4,3,1,8
MOJOCOYA,"anticoncepcion, prevencion de its y de cancer de cuello uterino",numero de mujeres con muestras de pap tomadas,2016-07-01,0,11,56,46,23,136
MONTEAGUDO,"anticoncepcion, prevencion de its y de cancer de cuello uterino",numero de mujeres con muestras de pap tomadas,2016-07-01,2,6,100,90,32,230
MONTERO,"anticoncepcion, prevencion de its y de cancer de cuello uterino",numero de mujeres con muestras de pap tomadas,2016-07-01,0,15,145,83,23,266
MORO MORO,"anticoncepcion, prevencion de its y de cancer de cuello uterino",numero de mujeres con muestras de pap tomadas,2016-07-01,0,1,4,2,1,8
MOROCHATA,"anticoncepcion, prevencion de its y de cancer de cuello uterino",numero de mujeres con muestras de pap tomadas,2016-07-01,0,0,1,2,0,3
NACEBE (SANTA ROSA DEL ABUNA),"anticoncepcion, prevencion de its y de cancer de cuello uterino",numero de mujeres con muestras de pap tomadas,2016-07-01,0,1,1,2,0,4
OCURI,"anticoncepcion, prevencion de its y de cancer de cuello uterino",numero de mujeres con muestras de pap tomadas,2016-07-01,0,3,16,14,2,35
OKINAWA,"anticoncepcion, prevencion de its y de cancer de cuello uterino",numero de mujeres con muestras de pap tomadas,2016-07-01,0,3,7,8,1,19
OMEREQUE,"anticoncepcion, prevencion de its y de cancer de cuello uterino",numero de mujeres con muestras de pap tomadas,2016-07-01,0,0,2,2,1,5
ORURO,"anticoncepcion, prevencion de its y de cancer de cuello uterino",numero de mujeres con muestras de pap tomadas,2016-07-01,1,54,653,356,163,1227
PADCAYA,"anticoncepcion, prevencion de its y de cancer de cuello uterino",numero de mujeres con muestras de pap tomadas,2016-07-01,0,5,22,31,17,75
PADILLA,"anticoncepcion, prevencion de its y de cancer de cuello uterino",numero de mujeres con muestras de pap tomadas,2016-07-01,0,4,16,27,4,51
PAILON,"anticoncepcion, prevencion de its y de cancer de cuello uterino",numero de mujeres con muestras de pap tomadas,2016-07-01,0,8,15,8,0,31
PALCA,"anticoncepcion, prevencion de its y de cancer de cuello uterino",numero de mujeres con muestras de pap tomadas,2016-07-01,1,2,27,13,4,47
PALOS BLANCOS,"anticoncepcion, prevencion de its y de cancer de cuello uterino",numero de mujeres con muestras de pap tomadas,2016-07-01,1,24,75,38,12,150
PAMPA GRANDE,"anticoncepcion, prevencion de its y de cancer de cuello uterino",numero de mujeres con muestras de pap tomadas,2016-07-01,0,1,6,2,0,9
PAPEL PAMPA,"anticoncepcion, prevencion de its y de cancer de cuello uterino",numero de mujeres con muestras de pap tomadas,2016-07-01,0,2,15,5,2,24
PASORAPA,"anticoncepcion, prevencion de its y de cancer de cuello uterino",numero de mujeres con muestras de pap tomadas,2016-07-01,0,1,4,3,1,9
PATACAMAYA,"anticoncepcion, prevencion de its y de cancer de cuello uterino",numero de mujeres con muestras de pap tomadas,2016-07-01,0,0,0,2,2,4
PAZÑA,"anticoncepcion, prevencion de its y de cancer de cuello uterino",numero de mujeres con muestras de pap tomadas,2016-07-01,0,0,8,8,2,18
PELECHUCO,"anticoncepcion, prevencion de its y de cancer de cuello uterino",numero de mujeres con muestras de pap tomadas,2016-07-01,0,1,25,9,8,43
POCOATA,"anticoncepcion, prevencion de its y de cancer de cuello uterino",numero de mujeres con muestras de pap tomadas,2016-07-01,0,6,9,18,3,36
POCONA,"anticoncepcion, prevencion de its y de cancer de cuello uterino",numero de mujeres con muestras de pap tomadas,2016-07-01,0,11,32,22,0,65
POJO (CBBA),"anticoncepcion, prevencion de its y de cancer de cuello uterino",numero de mujeres con muestras de pap tomadas,2016-07-01,0,1,12,4,0,17
POOPO,"anticoncepcion, prevencion de its y de cancer de cuello uterino",numero de mujeres con muestras de pap tomadas,2016-07-01,0,0,16,13,15,44
PORCO,"anticoncepcion, prevencion de its y de cancer de cuello uterino",numero de mujeres con muestras de pap tomadas,2016-07-01,0,1,3,0,0,4
POROMA,"anticoncepcion, prevencion de its y de cancer de cuello uterino",numero de mujeres con muestras de pap tomadas,2016-07-01,0,19,51,66,30,166
PORONGO,"anticoncepcion, prevencion de its y de cancer de cuello uterino",numero de mujeres con muestras de pap tomadas,2016-07-01,0,5,19,10,2,36
PORTACHUELO,"anticoncepcion, prevencion de its y de cancer de cuello uterino",numero de mujeres con muestras de pap tomadas,2016-07-01,0,0,24,12,3,39
PORVENIR,"anticoncepcion, prevencion de its y de cancer de cuello uterino",numero de mujeres con muestras de pap tomadas,2016-07-01,0,1,7,2,3,13
POSTRER VALLE,"anticoncepcion, prevencion de its y de cancer de cuello uterino",numero de mujeres con muestras de pap tomadas,2016-07-01,0,1,0,2,0,3
POTOSI,"anticoncepcion, prevencion de its y de cancer de cuello uterino",numero de mujeres con muestras de pap tomadas,2016-07-01,0,50,565,332,47,994
PRESTO,"anticoncepcion, prevencion de its y de cancer de cuello uterino",numero de mujeres con muestras de pap tomadas,2016-07-01,2,12,68,55,13,150
PUCARA,"anticoncepcion, prevencion de its y de cancer de cuello uterino",numero de mujeres con muestras de pap tomadas,2016-07-01,0,0,1,3,3,7
PUCARANI,"anticoncepcion, prevencion de its y de cancer de cuello uterino",numero de mujeres con muestras de pap tomadas,2016-07-01,0,12,35,21,11,79
PUERTO ACOSTA,"anticoncepcion, prevencion de its y de cancer de cuello uterino",numero de mujeres con muestras de pap tomadas,2016-07-01,0,0,4,4,2,10
PUERTO CARABUCO,"anticoncepcion, prevencion de its y de cancer de cuello uterino",numero de mujeres con muestras de pap tomadas,2016-07-01,0,0,6,6,6,18
PUERTO GONZALO MORENO,"anticoncepcion, prevencion de its y de cancer de cuello uterino",numero de mujeres con muestras de pap tomadas,2016-07-01,0,3,22,5,5,35
PUERTO PEREZ,"anticoncepcion, prevencion de its y de cancer de cuello uterino",numero de mujeres con muestras de pap tomadas,2016-07-01,0,0,4,0,2,6
PUERTO QUIJARRO,"anticoncepcion, prevencion de its y de cancer de cuello uterino",numero de mujeres con muestras de pap tomadas,2016-07-01,0,1,17,0,5,23
PUERTO RICO,"anticoncepcion, prevencion de its y de cancer de cuello uterino",numero de mujeres con muestras de pap tomadas,2016-07-01,0,5,25,9,5,44
PUERTO SUAREZ,"anticoncepcion, prevencion de its y de cancer de cuello uterino",numero de mujeres con muestras de pap tomadas,2016-07-01,0,4,40,36,9,89
PUERTO VILLARROEL,"anticoncepcion, prevencion de its y de cancer de cuello uterino",numero de mujeres con muestras de pap tomadas,2016-07-01,1,34,144,47,10,236
PUNA,"anticoncepcion, prevencion de its y de cancer de cuello uterino",numero de mujeres con muestras de pap tomadas,2016-07-01,0,4,22,25,7,58
PUNATA,"anticoncepcion, prevencion de its y de cancer de cuello uterino",numero de mujeres con muestras de pap tomadas,2016-07-01,0,5,62,40,24,131
QUIABAYA,"anticoncepcion, prevencion de its y de cancer de cuello uterino",numero de mujeres con muestras de pap tomadas,2016-07-01,0,4,15,10,6,35
QUILLACOLLO,"anticoncepcion, prevencion de its y de cancer de cuello uterino",numero de mujeres con muestras de pap tomadas,2016-07-01,0,21,182,95,57,355
QUIME,"anticoncepcion, prevencion de its y de cancer de cuello uterino",numero de mujeres con muestras de pap tomadas,2016-07-01,0,1,30,12,6,49
QUIRUSILLAS,"anticoncepcion, prevencion de its y de cancer de cuello uterino",numero de mujeres con muestras de pap tomadas,2016-07-01,0,0,1,0,0,1
RAVELO,"anticoncepcion, prevencion de its y de cancer de cuello uterino",numero de mujeres con muestras de pap tomadas,2016-07-01,0,0,5,10,5,20
RIBERALTA,"anticoncepcion, prevencion de its y de cancer de cuello uterino",numero de mujeres con muestras de pap tomadas,2016-07-01,8,68,277,130,25,508
ROBORE,"anticoncepcion, prevencion de its y de cancer de cuello uterino",numero de mujeres con muestras de pap tomadas,2016-07-01,0,2,2,3,0,7
RURRENABAQUE,"anticoncepcion, prevencion de its y de cancer de cuello uterino",numero de mujeres con muestras de pap tomadas,2016-07-01,0,0,5,10,0,15
SABAYA,"anticoncepcion, prevencion de its y de cancer de cuello uterino",numero de mujeres con muestras de pap tomadas,2016-07-01,0,1,1,2,0,4
SACABA,"anticoncepcion, prevencion de its y de cancer de cuello uterino",numero de mujeres con muestras de pap tomadas,2016-07-01,0,41,286,113,37,477
SACABAMBA,"anticoncepcion, prevencion de its y de cancer de cuello uterino",numero de mujeres con muestras de pap tomadas,2016-07-01,0,1,4,2,3,10
SACACA,"anticoncepcion, prevencion de its y de cancer de cuello uterino",numero de mujeres con muestras de pap tomadas,2016-07-01,0,10,35,15,3,63
SALINAS DE GARCI MENDOZA,"anticoncepcion, prevencion de its y de cancer de cuello uterino",numero de mujeres con muestras de pap tomadas,2016-07-01,0,2,1,4,2,9
SAMAIPATA,"anticoncepcion, prevencion de its y de cancer de cuello uterino",numero de mujeres con muestras de pap tomadas,2016-07-01,0,1,1,2,1,5
SAN AGUSTIN,"anticoncepcion, prevencion de its y de cancer de cuello uterino",numero de mujeres con muestras de pap tomadas,2016-07-01,0,0,0,1,1,2
SAN ANDRES,"anticoncepcion, prevencion de its y de cancer de cuello uterino",numero de mujeres con muestras de pap tomadas,2016-07-01,0,1,9,4,4,18
SAN ANDRES DE MACHACA,"anticoncepcion, prevencion de its y de cancer de cuello uterino",numero de mujeres con muestras de pap tomadas,2016-07-01,0,1,5,4,0,10
SAN ANTONIO DE LOMERIO,"anticoncepcion, prevencion de its y de cancer de cuello uterino",numero de mujeres con muestras de pap tomadas,2016-07-01,0,0,3,3,1,7
SAN BENITO,"anticoncepcion, prevencion de its y de cancer de cuello uterino",numero de mujeres con muestras de pap tomadas,2016-07-01,1,1,10,2,0,14
SAN BORJA,"anticoncepcion, prevencion de its y de cancer de cuello uterino",numero de mujeres con muestras de pap tomadas,2016-07-01,0,2,10,3,1,16
SAN BUENA VENTURA,"anticoncepcion, prevencion de its y de cancer de cuello uterino",numero de mujeres con muestras de pap tomadas,2016-07-01,0,0,1,2,0,3
SAN CARLOS,"anticoncepcion, prevencion de its y de cancer de cuello uterino",numero de mujeres con muestras de pap tomadas,2016-07-01,0,7,31,15,1,54
SAN IGNACIO,"anticoncepcion, prevencion de its y de cancer de cuello uterino",numero de mujeres con muestras de pap tomadas,2016-07-01,0,1,21,7,5,34
SAN IGNACIO DE VELASCO,"anticoncepcion, prevencion de its y de cancer de cuello uterino",numero de mujeres con muestras de pap tomadas,2016-07-01,1,16,56,28,7,108
SAN JAVIER(STC),"anticoncepcion, prevencion de its y de cancer de cuello uterino",numero de mujeres con muestras de pap tomadas,2016-07-01,0,2,8,9,1,20
SAN JOSE DE CHIQUITOS,"anticoncepcion, prevencion de its y de cancer de cuello uterino",numero de mujeres con muestras de pap tomadas,2016-07-01,2,24,117,83,28,254
SAN JUAN DE YAPACANI,"anticoncepcion, prevencion de its y de cancer de cuello uterino",numero de mujeres con muestras de pap tomadas,2016-07-01,1,3,29,20,3,56
SAN JULIAN,"anticoncepcion, prevencion de its y de cancer de cuello uterino",numero de mujeres con muestras de pap tomadas,2016-07-01,0,14,80,42,13,149
SAN LORENZO(TJA),"anticoncepcion, prevencion de its y de cancer de cuello uterino",numero de mujeres con muestras de pap tomadas,2016-07-01,0,5,49,26,5,85
SAN LUCAS,"anticoncepcion, prevencion de its y de cancer de cuello uterino",numero de mujeres con muestras de pap tomadas,2016-07-01,0,21,111,105,35,272
SAN MIGUEL DE VELASCO,"anticoncepcion, prevencion de its y de cancer de cuello uterino",numero de mujeres con muestras de pap tomadas,2016-07-01,0,2,14,7,1,24
SAN PABLO DE LIPEZ,"anticoncepcion, prevencion de its y de cancer de cuello uterino",numero de mujeres con muestras de pap tomadas,2016-07-01,0,1,3,3,0,7
SAN PEDRO,"anticoncepcion, prevencion de its y de cancer de cuello uterino",numero de mujeres con muestras de pap tomadas,2016-07-01,0,2,16,8,5,31
SAN PEDRO DE BUENA VISTA,"anticoncepcion, prevencion de its y de cancer de cuello uterino",numero de mujeres con muestras de pap tomadas,2016-07-01,0,2,18,20,0,40
SAN PEDRO DE CURAHUARA,"anticoncepcion, prevencion de its y de cancer de cuello uterino",numero de mujeres con muestras de pap tomadas,2016-07-01,0,0,3,1,0,4
SAN PEDRO DE TIQUINA,"anticoncepcion, prevencion de its y de cancer de cuello uterino",numero de mujeres con muestras de pap tomadas,2016-07-01,0,1,11,14,9,35
SAN PEDRO(PND),"anticoncepcion, prevencion de its y de cancer de cuello uterino",numero de mujeres con muestras de pap tomadas,2016-07-01,0,1,2,2,0,5
SAN RAFAEL,"anticoncepcion, prevencion de its y de cancer de cuello uterino",numero de mujeres con muestras de pap tomadas,2016-07-01,0,1,4,4,0,9
SAN RAMON BENI,"anticoncepcion, prevencion de its y de cancer de cuello uterino",numero de mujeres con muestras de pap tomadas,2016-07-01,0,0,3,2,0,5
SAN RAMON SCZ,"anticoncepcion, prevencion de its y de cancer de cuello uterino",numero de mujeres con muestras de pap tomadas,2016-07-01,0,6,23,8,6,43
SANTA ANA,"anticoncepcion, prevencion de its y de cancer de cuello uterino",numero de mujeres con muestras de pap tomadas,2016-07-01,0,0,5,1,0,6
SANTA CRUZ DE LA SIERRA,"anticoncepcion, prevencion de its y de cancer de cuello uterino",numero de mujeres con muestras de pap tomadas,2016-07-01,22,473,2652,1690,586,5423
SANTA ROSA DEL SARA,"anticoncepcion, prevencion de its y de cancer de cuello uterino",numero de mujeres con muestras de pap tomadas,2016-07-01,0,6,22,11,4,43
SANTIAGO DE HUARI,"anticoncepcion, prevencion de its y de cancer de cuello uterino",numero de mujeres con muestras de pap tomadas,2016-07-01,0,0,1,0,2,3
SANTIAGO DE HUATA,"anticoncepcion, prevencion de its y de cancer de cuello uterino",numero de mujeres con muestras de pap tomadas,2016-07-01,0,0,4,0,1,5
SANTIAGO DE MACHACA,"anticoncepcion, prevencion de its y de cancer de cuello uterino",numero de mujeres con muestras de pap tomadas,2016-07-01,0,0,1,0,0,1
SANTIVAÑES,"anticoncepcion, prevencion de its y de cancer de cuello uterino",numero de mujeres con muestras de pap tomadas,2016-07-01,0,0,1,0,0,1
SANTUARIO DE QUILLACAS,"anticoncepcion, prevencion de its y de cancer de cuello uterino",numero de mujeres con muestras de pap tomadas,2016-07-01,0,1,10,2,1,14
SAPAHAQUI,"anticoncepcion, prevencion de its y de cancer de cuello uterino",numero de mujeres con muestras de pap tomadas,2016-07-01,0,1,33,33,30,97
SENA,"anticoncepcion, prevencion de its y de cancer de cuello uterino",numero de mujeres con muestras de pap tomadas,2016-07-01,1,2,9,3,0,15
SHINAOTA,"anticoncepcion, prevencion de its y de cancer de cuello uterino",numero de mujeres con muestras de pap tomadas,2016-07-01,1,3,9,2,0,15
SICA SICA (VILLA AROMA),"anticoncepcion, prevencion de its y de cancer de cuello uterino",numero de mujeres con muestras de pap tomadas,2016-07-01,0,8,24,9,3,44
SICAYA,"anticoncepcion, prevencion de its y de cancer de cuello uterino",numero de mujeres con muestras de pap tomadas,2016-07-01,0,0,3,0,0,3
SIPE SIPE,"anticoncepcion, prevencion de its y de cancer de cuello uterino",numero de mujeres con muestras de pap tomadas,2016-07-01,0,5,36,16,6,63
SOPACHUY,"anticoncepcion, prevencion de its y de cancer de cuello uterino",numero de mujeres con muestras de pap tomadas,2016-07-01,1,5,9,8,1,24
SORACACHI,"anticoncepcion, prevencion de its y de cancer de cuello uterino",numero de mujeres con muestras de pap tomadas,2016-07-01,0,0,20,19,6,45
SORATA,"anticoncepcion, prevencion de its y de cancer de cuello uterino",numero de mujeres con muestras de pap tomadas,2016-07-01,0,6,21,18,6,51
SUCRE,"anticoncepcion, prevencion de its y de cancer de cuello uterino",numero de mujeres con muestras de pap tomadas,2016-07-01,4,310,1692,998,305,3309
TACACOMA,"anticoncepcion, prevencion de its y de cancer de cuello uterino",numero de mujeres con muestras de pap tomadas,2016-07-01,0,0,1,0,0,1
TACOBAMBA,"anticoncepcion, prevencion de its y de cancer de cuello uterino",numero de mujeres con muestras de pap tomadas,2016-07-01,0,0,2,1,1,4
TACOPAYA,"anticoncepcion, prevencion de its y de cancer de cuello uterino",numero de mujeres con muestras de pap tomadas,2016-07-01,0,2,2,2,0,6
TAHUA,"anticoncepcion, prevencion de its y de cancer de cuello uterino",numero de mujeres con muestras de pap tomadas,2016-07-01,0,0,1,0,0,1
TAPACARI,"anticoncepcion, prevencion de its y de cancer de cuello uterino",numero de mujeres con muestras de pap tomadas,2016-07-01,0,3,22,9,2,36
TARABUCO,"anticoncepcion, prevencion de its y de cancer de cuello uterino",numero de mujeres con muestras de pap tomadas,2016-07-01,0,5,35,29,13,82
TARACO,"anticoncepcion, prevencion de its y de cancer de cuello uterino",numero de mujeres con muestras de pap tomadas,2016-07-01,0,2,9,2,0,13
TARATA,"anticoncepcion, prevencion de its y de cancer de cuello uterino",numero de mujeres con muestras de pap tomadas,2016-07-01,0,0,10,6,1,17
TARIJA,"anticoncepcion, prevencion de its y de cancer de cuello uterino",numero de mujeres con muestras de pap tomadas,2016-07-01,1,51,498,355,132,1037
TARVITA,"anticoncepcion, prevencion de its y de cancer de cuello uterino",numero de mujeres con muestras de pap tomadas,2016-07-01,0,18,34,60,23,135
TEOPONTE,"anticoncepcion, prevencion de its y de cancer de cuello uterino",numero de mujeres con muestras de pap tomadas,2016-07-01,0,9,29,5,3,46
TIAWANACU,"anticoncepcion, prevencion de its y de cancer de cuello uterino",numero de mujeres con muestras de pap tomadas,2016-07-01,0,4,15,12,9,40
TINGUIPAYA,"anticoncepcion, prevencion de its y de cancer de cuello uterino",numero de mujeres con muestras de pap tomadas,2016-07-01,0,1,15,4,3,23
TIPUANI,"anticoncepcion, prevencion de its y de cancer de cuello uterino",numero de mujeres con muestras de pap tomadas,2016-07-01,0,6,30,14,1,51
TIQUIPAYA,"anticoncepcion, prevencion de its y de cancer de cuello uterino",numero de mujeres con muestras de pap tomadas,2016-07-01,0,15,62,22,10,109
TIRAQUE (CBBA),"anticoncepcion, prevencion de its y de cancer de cuello uterino",numero de mujeres con muestras de pap tomadas,2016-07-01,0,6,9,10,1,26
TOCO,"anticoncepcion, prevencion de its y de cancer de cuello uterino",numero de mujeres con muestras de pap tomadas,2016-07-01,0,2,11,9,1,23
TODOS SANTOS,"anticoncepcion, prevencion de its y de cancer de cuello uterino",numero de mujeres con muestras de pap tomadas,2016-07-01,0,0,0,0,1,1
TOLATA,"anticoncepcion, prevencion de its y de cancer de cuello uterino",numero de mujeres con muestras de pap tomadas,2016-07-01,0,2,8,13,8,31
TOLEDO,"anticoncepcion, prevencion de its y de cancer de cuello uterino",numero de mujeres con muestras de pap tomadas,2016-07-01,0,0,1,1,2,4
TOMAVE,"anticoncepcion, prevencion de its y de cancer de cuello uterino",numero de mujeres con muestras de pap tomadas,2016-07-01,0,5,21,9,5,40
TOMINA,"anticoncepcion, prevencion de its y de cancer de cuello uterino",numero de mujeres con muestras de pap tomadas,2016-07-01,0,15,67,70,79,231
TORO TORO,"anticoncepcion, prevencion de its y de cancer de cuello uterino",numero de mujeres con muestras de pap tomadas,2016-07-01,0,3,25,11,3,42
TOTORA(CBBA),"anticoncepcion, prevencion de its y de cancer de cuello uterino",numero de mujeres con muestras de pap tomadas,2016-07-01,1,7,12,9,3,32
TOTORA(ORR),"anticoncepcion, prevencion de its y de cancer de cuello uterino",numero de mujeres con muestras de pap tomadas,2016-07-01,0,0,4,2,0,6
TRIGAL,"anticoncepcion, prevencion de its y de cancer de cuello uterino",numero de mujeres con muestras de pap tomadas,2016-07-01,0,1,2,1,1,5
TRINIDAD,"anticoncepcion, prevencion de its y de cancer de cuello uterino",numero de mujeres con muestras de pap tomadas,2016-07-01,1,39,278,66,8,392
TUPIZA,"anticoncepcion, prevencion de its y de cancer de cuello uterino",numero de mujeres con muestras de pap tomadas,2016-07-01,0,4,55,32,11,102
TURCO,"anticoncepcion, prevencion de its y de cancer de cuello uterino",numero de mujeres con muestras de pap tomadas,2016-07-01,0,0,1,1,1,3
UMALA,"anticoncepcion, prevencion de its y de cancer de cuello uterino",numero de mujeres con muestras de pap tomadas,2016-07-01,0,1,26,23,12,62
UNCIA,"anticoncepcion, prevencion de its y de cancer de cuello uterino",numero de mujeres con muestras de pap tomadas,2016-07-01,0,0,1,2,1,4
URIONDO (A. CONCEPCION),"anticoncepcion, prevencion de its y de cancer de cuello uterino",numero de mujeres con muestras de pap tomadas,2016-07-01,0,1,14,13,4,32
URUBICHA,"anticoncepcion, prevencion de its y de cancer de cuello uterino",numero de mujeres con muestras de pap tomadas,2016-07-01,0,2,6,8,0,16
UYUNI,"anticoncepcion, prevencion de its y de cancer de cuello uterino",numero de mujeres con muestras de pap tomadas,2016-07-01,0,1,12,3,1,17
VACAS,"anticoncepcion, prevencion de its y de cancer de cuello uterino",numero de mujeres con muestras de pap tomadas,2016-07-01,0,0,3,5,0,8
VALLEGRANDE,"anticoncepcion, prevencion de its y de cancer de cuello uterino",numero de mujeres con muestras de pap tomadas,2016-07-01,0,11,39,19,12,81
VIACHA,"anticoncepcion, prevencion de its y de cancer de cuello uterino",numero de mujeres con muestras de pap tomadas,2016-07-01,0,10,132,76,28,246
VILA VILA,"anticoncepcion, prevencion de its y de cancer de cuello uterino",numero de mujeres con muestras de pap tomadas,2016-07-01,0,1,1,0,0,2
VILLA CHARCAS,"anticoncepcion, prevencion de its y de cancer de cuello uterino",numero de mujeres con muestras de pap tomadas,2016-07-01,0,13,87,75,25,200
VILLA MONTES,"anticoncepcion, prevencion de its y de cancer de cuello uterino",numero de mujeres con muestras de pap tomadas,2016-07-01,0,37,156,80,27,300
VILLA RIVERO,"anticoncepcion, prevencion de its y de cancer de cuello uterino",numero de mujeres con muestras de pap tomadas,2016-07-01,1,4,14,8,2,29
VILLA SERRANO,"anticoncepcion, prevencion de its y de cancer de cuello uterino",numero de mujeres con muestras de pap tomadas,2016-07-01,0,7,16,18,14,55
VILLA TUNARI,"anticoncepcion, prevencion de its y de cancer de cuello uterino",numero de mujeres con muestras de pap tomadas,2016-07-01,1,10,72,65,17,165
VILLA VACA GUZMAN (MUYUPAMPA),"anticoncepcion, prevencion de its y de cancer de cuello uterino",numero de mujeres con muestras de pap tomadas,2016-07-01,0,5,30,29,12,76
VILLAZON,"anticoncepcion, prevencion de its y de cancer de cuello uterino",numero de mujeres con muestras de pap tomadas,2016-07-01,0,8,83,42,11,144
VINTO,"anticoncepcion, prevencion de its y de cancer de cuello uterino",numero de mujeres con muestras de pap tomadas,2016-07-01,0,13,55,24,13,105
VITICHI,"anticoncepcion, prevencion de its y de cancer de cuello uterino",numero de mujeres con muestras de pap tomadas,2016-07-01,0,0,14,9,1,24
WALDO BALLIVIAN,"anticoncepcion, prevencion de its y de cancer de cuello uterino",numero de mujeres con muestras de pap tomadas,2016-07-01,0,0,3,1,0,4
WARNES,"anticoncepcion, prevencion de its y de cancer de cuello uterino",numero de mujeres con muestras de pap tomadas,2016-07-01,2,33,161,64,17,277
YACO,"anticoncepcion, prevencion de its y de cancer de cuello uterino",numero de mujeres con muestras de pap tomadas,2016-07-01,0,1,2,3,0,6
YACUIBA,"anticoncepcion, prevencion de its y de cancer de cuello uterino",numero de mujeres con muestras de pap tomadas,2016-07-01,0,21,224,205,91,541
YAMPARAEZ,"anticoncepcion, prevencion de its y de cancer de cuello uterino",numero de mujeres con muestras de pap tomadas,2016-07-01,0,11,19,37,66,133
YANACACHI,"anticoncepcion, prevencion de its y de cancer de cuello uterino",numero de mujeres con muestras de pap tomadas,2016-07-01,0,4,16,8,2,30
YAPACANI,"anticoncepcion, prevencion de its y de cancer de cuello uterino",numero de mujeres con muestras de pap tomadas,2016-07-01,1,22,160,54,22,259
YOCALLA,"anticoncepcion, prevencion de its y de cancer de cuello uterino",numero de mujeres con muestras de pap tomadas,2016-07-01,0,3,1,0,0,4
YOTALA,"anticoncepcion, prevencion de its y de cancer de cuello uterino",numero de mujeres con muestras de pap tomadas,2016-07-01,0,4,9,13,3,29
YUNCHARA,"anticoncepcion, prevencion de its y de cancer de cuello uterino",numero de mujeres con muestras de pap tomadas,2016-07-01,0,0,4,10,4,18
ZUDAÑEZ,"anticoncepcion, prevencion de its y de cancer de cuello uterino",numero de mujeres con muestras de pap tomadas,2016-07-01,1,8,27,31,6,73
ACACIO,"anticoncepcion, prevencion de its y de cancer de cuello uterino",numero de mujeres con muestras de pap tomadas,2016-08-01,0,6,4,3,1,14
ACHACACHI,"anticoncepcion, prevencion de its y de cancer de cuello uterino",numero de mujeres con muestras de pap tomadas,2016-08-01,1,13,43,29,9,95
ACHOCALLA,"anticoncepcion, prevencion de its y de cancer de cuello uterino",numero de mujeres con muestras de pap tomadas,2016-08-01,0,12,42,21,1,76
AIQUILE,"anticoncepcion, prevencion de its y de cancer de cuello uterino",numero de mujeres con muestras de pap tomadas,2016-08-01,0,3,28,15,4,50
ALALAY,"anticoncepcion, prevencion de its y de cancer de cuello uterino",numero de mujeres con muestras de pap tomadas,2016-08-01,0,1,0,0,0,1
ALCALA,"anticoncepcion, prevencion de its y de cancer de cuello uterino",numero de mujeres con muestras de pap tomadas,2016-08-01,0,1,9,12,8,30
ALTO BENI,"anticoncepcion, prevencion de its y de cancer de cuello uterino",numero de mujeres con muestras de pap tomadas,2016-08-01,0,3,30,21,7,61
ANCORAIMES,"anticoncepcion, prevencion de its y de cancer de cuello uterino",numero de mujeres con muestras de pap tomadas,2016-08-01,0,1,1,5,0,7
ANDAMARCA,"anticoncepcion, prevencion de its y de cancer de cuello uterino",numero de mujeres con muestras de pap tomadas,2016-08-01,0,0,3,2,0,5
ANTEQUERA,"anticoncepcion, prevencion de its y de cancer de cuello uterino",numero de mujeres con muestras de pap tomadas,2016-08-01,0,0,1,0,1,2
ANZALDO,"anticoncepcion, prevencion de its y de cancer de cuello uterino",numero de mujeres con muestras de pap tomadas,2016-08-01,0,1,13,12,5,31
APOLO,"anticoncepcion, prevencion de its y de cancer de cuello uterino",numero de mujeres con muestras de pap tomadas,2016-08-01,0,0,6,7,2,15
ARAMPAMPA,"anticoncepcion, prevencion de its y de cancer de cuello uterino",numero de mujeres con muestras de pap tomadas,2016-08-01,1,2,21,15,1,40
ARANI,"anticoncepcion, prevencion de its y de cancer de cuello uterino",numero de mujeres con muestras de pap tomadas,2016-08-01,0,1,4,2,2,9
ARBIETO,"anticoncepcion, prevencion de its y de cancer de cuello uterino",numero de mujeres con muestras de pap tomadas,2016-08-01,0,24,56,16,4,100
ARQUE,"anticoncepcion, prevencion de its y de cancer de cuello uterino",numero de mujeres con muestras de pap tomadas,2016-08-01,0,0,0,1,1,2
ASCENCION DE GUARAYOS,"anticoncepcion, prevencion de its y de cancer de cuello uterino",numero de mujeres con muestras de pap tomadas,2016-08-01,2,14,78,28,8,130
ATOCHA,"anticoncepcion, prevencion de its y de cancer de cuello uterino",numero de mujeres con muestras de pap tomadas,2016-08-01,0,4,33,29,3,69
AUCAPATA,"anticoncepcion, prevencion de its y de cancer de cuello uterino",numero de mujeres con muestras de pap tomadas,2016-08-01,0,2,4,4,0,10
AYATA,"anticoncepcion, prevencion de its y de cancer de cuello uterino",numero de mujeres con muestras de pap tomadas,2016-08-01,0,0,0,0,2,2
AYO AYO,"anticoncepcion, prevencion de its y de cancer de cuello uterino",numero de mujeres con muestras de pap tomadas,2016-08-01,0,2,7,5,4,18
AYOPAYA (V. DE INDEPENDENCIA),"anticoncepcion, prevencion de its y de cancer de cuello uterino",numero de mujeres con muestras de pap tomadas,2016-08-01,0,1,10,4,1,16
AZURDUY,"anticoncepcion, prevencion de its y de cancer de cuello uterino",numero de mujeres con muestras de pap tomadas,2016-08-01,1,6,28,26,5,66
BATALLAS,"anticoncepcion, prevencion de its y de cancer de cuello uterino",numero de mujeres con muestras de pap tomadas,2016-08-01,0,4,11,8,3,26
BAURES,"anticoncepcion, prevencion de its y de cancer de cuello uterino",numero de mujeres con muestras de pap tomadas,2016-08-01,0,5,21,24,12,62
BELLA FLOR,"anticoncepcion, prevencion de its y de cancer de cuello uterino",numero de mujeres con muestras de pap tomadas,2016-08-01,0,1,2,0,0,3
BERMEJO,"anticoncepcion, prevencion de its y de cancer de cuello uterino",numero de mujeres con muestras de pap tomadas,2016-08-01,0,6,41,30,12,89
BETANZOS,"anticoncepcion, prevencion de its y de cancer de cuello uterino",numero de mujeres con muestras de pap tomadas,2016-08-01,0,6,20,18,9,53
BOLPEBRA,"anticoncepcion, prevencion de its y de cancer de cuello uterino",numero de mujeres con muestras de pap tomadas,2016-08-01,0,2,5,1,0,8
BOYUIBE,"anticoncepcion, prevencion de its y de cancer de cuello uterino",numero de mujeres con muestras de pap tomadas,2016-08-01,0,0,0,1,0,1
BUENA VISTA,"anticoncepcion, prevencion de its y de cancer de cuello uterino",numero de mujeres con muestras de pap tomadas,2016-08-01,2,11,45,23,5,86
CABEZAS,"anticoncepcion, prevencion de its y de cancer de cuello uterino",numero de mujeres con muestras de pap tomadas,2016-08-01,0,11,44,23,6,84
CAIROMA,"anticoncepcion, prevencion de its y de cancer de cuello uterino",numero de mujeres con muestras de pap tomadas,2016-08-01,0,4,12,7,0,23
"CAIZA ""D""","anticoncepcion, prevencion de its y de cancer de cuello uterino",numero de mujeres con muestras de pap tomadas,2016-08-01,0,5,37,20,9,71
CAJUATA,"anticoncepcion, prevencion de its y de cancer de cuello uterino",numero de mujeres con muestras de pap tomadas,2016-08-01,0,3,12,6,6,27
CALACOTO,"anticoncepcion, prevencion de its y de cancer de cuello uterino",numero de mujeres con muestras de pap tomadas,2016-08-01,0,0,1,2,1,4
CALAMARCA,"anticoncepcion, prevencion de its y de cancer de cuello uterino",numero de mujeres con muestras de pap tomadas,2016-08-01,0,9,29,7,2,47
CAMARGO,"anticoncepcion, prevencion de its y de cancer de cuello uterino",numero de mujeres con muestras de pap tomadas,2016-08-01,0,24,33,31,15,103
CAMATAQUI (C. VILLA ABECIA),"anticoncepcion, prevencion de its y de cancer de cuello uterino",numero de mujeres con muestras de pap tomadas,2016-08-01,0,3,21,28,10,62
CAMIRI,"anticoncepcion, prevencion de its y de cancer de cuello uterino",numero de mujeres con muestras de pap tomadas,2016-08-01,0,1,42,28,4,75
CAPINOTA,"anticoncepcion, prevencion de its y de cancer de cuello uterino",numero de mujeres con muestras de pap tomadas,2016-08-01,0,4,48,14,3,69
CAQUIAVIRI,"anticoncepcion, prevencion de its y de cancer de cuello uterino",numero de mujeres con muestras de pap tomadas,2016-08-01,0,0,7,5,0,12
CARACOLLO,"anticoncepcion, prevencion de its y de cancer de cuello uterino",numero de mujeres con muestras de pap tomadas,2016-08-01,0,5,24,13,0,42
CARANAVI,"anticoncepcion, prevencion de its y de cancer de cuello uterino",numero de mujeres con muestras de pap tomadas,2016-08-01,0,31,141,75,25,272
CARAPARI,"anticoncepcion, prevencion de its y de cancer de cuello uterino",numero de mujeres con muestras de pap tomadas,2016-08-01,0,2,44,32,18,96
CARIPUYO,"anticoncepcion, prevencion de its y de cancer de cuello uterino",numero de mujeres con muestras de pap tomadas,2016-08-01,0,1,5,4,0,10
CARMEN RIVERO TORREZ,"anticoncepcion, prevencion de its y de cancer de cuello uterino",numero de mujeres con muestras de pap tomadas,2016-08-01,0,8,24,7,0,39
CATACORA,"anticoncepcion, prevencion de its y de cancer de cuello uterino",numero de mujeres con muestras de pap tomadas,2016-08-01,0,0,0,1,0,1
CHACARILLA,"anticoncepcion, prevencion de its y de cancer de cuello uterino",numero de mujeres con muestras de pap tomadas,2016-08-01,0,1,0,1,0,2
CHALLAPATA,"anticoncepcion, prevencion de its y de cancer de cuello uterino",numero de mujeres con muestras de pap tomadas,2016-08-01,0,2,74,42,25,143
CHAQUI,"anticoncepcion, prevencion de its y de cancer de cuello uterino",numero de mujeres con muestras de pap tomadas,2016-08-01,0,3,14,13,2,32
CHARAGUA,"anticoncepcion, prevencion de its y de cancer de cuello uterino",numero de mujeres con muestras de pap tomadas,2016-08-01,0,2,22,13,5,42
CHAYANTA,"anticoncepcion, prevencion de its y de cancer de cuello uterino",numero de mujeres con muestras de pap tomadas,2016-08-01,0,1,21,8,0,30
CHIMORE,"anticoncepcion, prevencion de its y de cancer de cuello uterino",numero de mujeres con muestras de pap tomadas,2016-08-01,1,3,11,1,1,17
CHIPAYA,"anticoncepcion, prevencion de its y de cancer de cuello uterino",numero de mujeres con muestras de pap tomadas,2016-08-01,1,0,9,10,2,22
CHOQUE COTA,"anticoncepcion, prevencion de its y de cancer de cuello uterino",numero de mujeres con muestras de pap tomadas,2016-08-01,0,1,1,1,0,3
CHUA COCANI,"anticoncepcion, prevencion de its y de cancer de cuello uterino",numero de mujeres con muestras de pap tomadas,2016-08-01,0,1,2,1,2,6
CHULUMANI (V. DE LA LIBERTAD),"anticoncepcion, prevencion de its y de cancer de cuello uterino",numero de mujeres con muestras de pap tomadas,2016-08-01,0,1,110,1,1,113
CHUMA,"anticoncepcion, prevencion de its y de cancer de cuello uterino",numero de mujeres con muestras de pap tomadas,2016-08-01,0,0,15,13,7,35
CHUQUIHUTA AYLLU JUCUMANI,"anticoncepcion, prevencion de its y de cancer de cuello uterino",numero de mujeres con muestras de pap tomadas,2016-08-01,0,1,8,1,0,10
CKOCHAS,"anticoncepcion, prevencion de its y de cancer de cuello uterino",numero de mujeres con muestras de pap tomadas,2016-08-01,0,3,29,31,10,73
CLIZA,"anticoncepcion, prevencion de its y de cancer de cuello uterino",numero de mujeres con muestras de pap tomadas,2016-08-01,0,2,33,14,4,53
COBIJA,"anticoncepcion, prevencion de its y de cancer de cuello uterino",numero de mujeres con muestras de pap tomadas,2016-08-01,1,28,114,61,9,213
COCAPATA,"anticoncepcion, prevencion de its y de cancer de cuello uterino",numero de mujeres con muestras de pap tomadas,2016-08-01,0,3,8,7,2,20
COCHABAMBA,"anticoncepcion, prevencion de its y de cancer de cuello uterino",numero de mujeres con muestras de pap tomadas,2016-08-01,24,147,2217,1687,657,4732
COLCAPIRHUA,"anticoncepcion, prevencion de its y de cancer de cuello uterino",numero de mujeres con muestras de pap tomadas,2016-08-01,0,5,69,24,24,122
"COLCHA ""K""","anticoncepcion, prevencion de its y de cancer de cuello uterino",numero de mujeres con muestras de pap tomadas,2016-08-01,0,0,3,0,0,3
COLLANA,"anticoncepcion, prevencion de its y de cancer de cuello uterino",numero de mujeres con muestras de pap tomadas,2016-08-01,0,0,2,0,0,2
COLOMI,"anticoncepcion, prevencion de its y de cancer de cuello uterino",numero de mujeres con muestras de pap tomadas,2016-08-01,0,1,21,9,1,32
COLPA BELGICA,"anticoncepcion, prevencion de its y de cancer de cuello uterino",numero de mujeres con muestras de pap tomadas,2016-08-01,0,1,11,9,1,22
COLQUECHACA,"anticoncepcion, prevencion de its y de cancer de cuello uterino",numero de mujeres con muestras de pap tomadas,2016-08-01,0,4,28,11,0,43
COLQUENCHA,"anticoncepcion, prevencion de its y de cancer de cuello uterino",numero de mujeres con muestras de pap tomadas,2016-08-01,0,3,13,9,15,40
COLQUIRI,"anticoncepcion, prevencion de its y de cancer de cuello uterino",numero de mujeres con muestras de pap tomadas,2016-08-01,0,4,31,26,9,70
COMANCHE,"anticoncepcion, prevencion de its y de cancer de cuello uterino",numero de mujeres con muestras de pap tomadas,2016-08-01,0,0,0,1,0,1
COMARAPA,"anticoncepcion, prevencion de its y de cancer de cuello uterino",numero de mujeres con muestras de pap tomadas,2016-08-01,0,2,22,15,7,46
CONCEPCION,"anticoncepcion, prevencion de its y de cancer de cuello uterino",numero de mujeres con muestras de pap tomadas,2016-08-01,1,11,20,14,5,51
COPACABANA,"anticoncepcion, prevencion de its y de cancer de cuello uterino",numero de mujeres con muestras de pap tomadas,2016-08-01,0,3,12,6,6,27
CORIPATA,"anticoncepcion, prevencion de its y de cancer de cuello uterino",numero de mujeres con muestras de pap tomadas,2016-08-01,0,3,45,13,3,64
CORO CORO,"anticoncepcion, prevencion de its y de cancer de cuello uterino",numero de mujeres con muestras de pap tomadas,2016-08-01,0,1,1,2,1,5
COROICO,"anticoncepcion, prevencion de its y de cancer de cuello uterino",numero de mujeres con muestras de pap tomadas,2016-08-01,0,4,40,16,3,63
CORQUE,"anticoncepcion, prevencion de its y de cancer de cuello uterino",numero de mujeres con muestras de pap tomadas,2016-08-01,0,0,16,5,1,22
COTAGAITA,"anticoncepcion, prevencion de its y de cancer de cuello uterino",numero de mujeres con muestras de pap tomadas,2016-08-01,0,3,14,11,4,32
COTOCA,"anticoncepcion, prevencion de its y de cancer de cuello uterino",numero de mujeres con muestras de pap tomadas,2016-08-01,2,34,141,50,12,239
CRUZ DE MACHACAMARCA,"anticoncepcion, prevencion de its y de cancer de cuello uterino",numero de mujeres con muestras de pap tomadas,2016-08-01,0,1,2,0,2,5
CUATRO CAÑADAS,"anticoncepcion, prevencion de its y de cancer de cuello uterino",numero de mujeres con muestras de pap tomadas,2016-08-01,0,7,36,23,8,74
CUCHUMUELA (V. G. VILLARROEL),"anticoncepcion, prevencion de its y de cancer de cuello uterino",numero de mujeres con muestras de pap tomadas,2016-08-01,0,0,2,0,0,2
CUEVO,"anticoncepcion, prevencion de its y de cancer de cuello uterino",numero de mujeres con muestras de pap tomadas,2016-08-01,0,1,14,4,1,20
CULPINA,"anticoncepcion, prevencion de its y de cancer de cuello uterino",numero de mujeres con muestras de pap tomadas,2016-08-01,8,47,26,30,5,116
CURAHUARA DE CARANGAS,"anticoncepcion, prevencion de its y de cancer de cuello uterino",numero de mujeres con muestras de pap tomadas,2016-08-01,0,0,6,2,1,9
CURVA,"anticoncepcion, prevencion de its y de cancer de cuello uterino",numero de mujeres con muestras de pap tomadas,2016-08-01,0,1,5,0,0,6
DESAGUADERO,"anticoncepcion, prevencion de its y de cancer de cuello uterino",numero de mujeres con muestras de pap tomadas,2016-08-01,0,0,3,3,1,7
EL ALTO,"anticoncepcion, prevencion de its y de cancer de cuello uterino",numero de mujeres con muestras de pap tomadas,2016-08-01,0,184,2076,1492,508,4260
EL CHORO,"anticoncepcion, prevencion de its y de cancer de cuello uterino",numero de mujeres con muestras de pap tomadas,2016-08-01,0,0,2,0,0,2
EL PUENTE(STC),"anticoncepcion, prevencion de its y de cancer de cuello uterino",numero de mujeres con muestras de pap tomadas,2016-08-01,0,6,24,16,2,48
EL PUENTE(TJA),"anticoncepcion, prevencion de its y de cancer de cuello uterino",numero de mujeres con muestras de pap tomadas,2016-08-01,0,1,28,26,9,64
EL TORNO,"anticoncepcion, prevencion de its y de cancer de cuello uterino",numero de mujeres con muestras de pap tomadas,2016-08-01,2,29,162,76,37,306
EL VILLAR,"anticoncepcion, prevencion de its y de cancer de cuello uterino",numero de mujeres con muestras de pap tomadas,2016-08-01,0,0,6,13,4,23
ENTRE RIOS TRJ,"anticoncepcion, prevencion de its y de cancer de cuello uterino",numero de mujeres con muestras de pap tomadas,2016-08-01,0,6,20,16,2,44
ENTRE RIOS CBBA,"anticoncepcion, prevencion de its y de cancer de cuello uterino",numero de mujeres con muestras de pap tomadas,2016-08-01,0,5,5,2,0,12
ESCOMA,"anticoncepcion, prevencion de its y de cancer de cuello uterino",numero de mujeres con muestras de pap tomadas,2016-08-01,0,0,17,7,7,31
EUREKA (SANTOS MERCADO),"anticoncepcion, prevencion de its y de cancer de cuello uterino",numero de mujeres con muestras de pap tomadas,2016-08-01,0,4,11,6,0,21
EXALTACION,"anticoncepcion, prevencion de its y de cancer de cuello uterino",numero de mujeres con muestras de pap tomadas,2016-08-01,0,0,0,1,0,1
FERNANDEZ ALONSO,"anticoncepcion, prevencion de its y de cancer de cuello uterino",numero de mujeres con muestras de pap tomadas,2016-08-01,0,8,18,7,2,35
FILADELFIA,"anticoncepcion, prevencion de its y de cancer de cuello uterino",numero de mujeres con muestras de pap tomadas,2016-08-01,0,0,1,2,0,3
GENERAL SAAVEDRA,"anticoncepcion, prevencion de its y de cancer de cuello uterino",numero de mujeres con muestras de pap tomadas,2016-08-01,0,1,7,4,0,12
GRAL. J.J. PEREZ (CHARAZANI),"anticoncepcion, prevencion de its y de cancer de cuello uterino",numero de mujeres con muestras de pap tomadas,2016-08-01,0,1,6,5,2,14
GUANAY,"anticoncepcion, prevencion de its y de cancer de cuello uterino",numero de mujeres con muestras de pap tomadas,2016-08-01,0,4,33,9,4,50
GUAQUI,"anticoncepcion, prevencion de its y de cancer de cuello uterino",numero de mujeres con muestras de pap tomadas,2016-08-01,0,1,5,4,2,12
GUAYARAMERIN,"anticoncepcion, prevencion de its y de cancer de cuello uterino",numero de mujeres con muestras de pap tomadas,2016-08-01,0,10,69,30,8,117
GUTIERREZ,"anticoncepcion, prevencion de its y de cancer de cuello uterino",numero de mujeres con muestras de pap tomadas,2016-08-01,0,9,58,41,11,119
HUACARETA,"anticoncepcion, prevencion de its y de cancer de cuello uterino",numero de mujeres con muestras de pap tomadas,2016-08-01,0,5,16,17,6,44
HUACAYA (VILLA DE HUACAYA),"anticoncepcion, prevencion de its y de cancer de cuello uterino",numero de mujeres con muestras de pap tomadas,2016-08-01,0,1,0,1,0,2
HUACHACALLA,"anticoncepcion, prevencion de its y de cancer de cuello uterino",numero de mujeres con muestras de pap tomadas,2016-08-01,0,1,3,0,0,4
HUANUNI,"anticoncepcion, prevencion de its y de cancer de cuello uterino",numero de mujeres con muestras de pap tomadas,2016-08-01,0,7,95,89,32,223
HUARINA,"anticoncepcion, prevencion de its y de cancer de cuello uterino",numero de mujeres con muestras de pap tomadas,2016-08-01,0,0,0,1,2,3
HUATAJATA,"anticoncepcion, prevencion de its y de cancer de cuello uterino",numero de mujeres con muestras de pap tomadas,2016-08-01,0,0,1,0,2,3
HUAYLLAMARCA,"anticoncepcion, prevencion de its y de cancer de cuello uterino",numero de mujeres con muestras de pap tomadas,2016-08-01,0,2,15,23,9,49
HUMANATA,"anticoncepcion, prevencion de its y de cancer de cuello uterino",numero de mujeres con muestras de pap tomadas,2016-08-01,0,0,4,6,1,11
ICHOCA,"anticoncepcion, prevencion de its y de cancer de cuello uterino",numero de mujeres con muestras de pap tomadas,2016-08-01,0,0,2,2,0,4
ICLA,"anticoncepcion, prevencion de its y de cancer de cuello uterino",numero de mujeres con muestras de pap tomadas,2016-08-01,0,4,21,34,25,84
INCAHUASI,"anticoncepcion, prevencion de its y de cancer de cuello uterino",numero de mujeres con muestras de pap tomadas,2016-08-01,0,9,23,37,20,89
INQUISIVI,"anticoncepcion, prevencion de its y de cancer de cuello uterino",numero de mujeres con muestras de pap tomadas,2016-08-01,0,0,2,3,1,6
IRUPANA (VILLA DE LANZA),"anticoncepcion, prevencion de its y de cancer de cuello uterino",numero de mujeres con muestras de pap tomadas,2016-08-01,0,1,37,9,3,50
JESUS DE MACHACA,"anticoncepcion, prevencion de its y de cancer de cuello uterino",numero de mujeres con muestras de pap tomadas,2016-08-01,0,1,3,6,3,13
LA ASUNTA,"anticoncepcion, prevencion de its y de cancer de cuello uterino",numero de mujeres con muestras de pap tomadas,2016-08-01,0,13,76,35,12,136
LA GUARDIA,"anticoncepcion, prevencion de its y de cancer de cuello uterino",numero de mujeres con muestras de pap tomadas,2016-08-01,0,52,267,116,47,482
LA PAZ,"anticoncepcion, prevencion de its y de cancer de cuello uterino",numero de mujeres con muestras de pap tomadas,2016-08-01,3,128,1756,1494,804,4185
LAGUNILLAS,"anticoncepcion, prevencion de its y de cancer de cuello uterino",numero de mujeres con muestras de pap tomadas,2016-08-01,0,3,33,24,8,68
LAJA,"anticoncepcion, prevencion de its y de cancer de cuello uterino",numero de mujeres con muestras de pap tomadas,2016-08-01,0,9,30,12,9,60
LAS CARRERAS,"anticoncepcion, prevencion de its y de cancer de cuello uterino",numero de mujeres con muestras de pap tomadas,2016-08-01,0,0,1,0,2,3
LICOMA PAMPA,"anticoncepcion, prevencion de its y de cancer de cuello uterino",numero de mujeres con muestras de pap tomadas,2016-08-01,0,0,4,0,1,5
LLALLAGUA,"anticoncepcion, prevencion de its y de cancer de cuello uterino",numero de mujeres con muestras de pap tomadas,2016-08-01,0,2,18,9,2,31
LLICA,"anticoncepcion, prevencion de its y de cancer de cuello uterino",numero de mujeres con muestras de pap tomadas,2016-08-01,0,0,0,2,0,2
LURIBAY,"anticoncepcion, prevencion de its y de cancer de cuello uterino",numero de mujeres con muestras de pap tomadas,2016-08-01,0,4,3,3,3,13
MACHACAMARCA,"anticoncepcion, prevencion de its y de cancer de cuello uterino",numero de mujeres con muestras de pap tomadas,2016-08-01,0,0,4,4,2,10
MACHARETI,"anticoncepcion, prevencion de its y de cancer de cuello uterino",numero de mujeres con muestras de pap tomadas,2016-08-01,0,5,26,19,6,56
MAGDALENA,"anticoncepcion, prevencion de its y de cancer de cuello uterino",numero de mujeres con muestras de pap tomadas,2016-08-01,0,6,50,10,0,66
MAIRANA,"anticoncepcion, prevencion de its y de cancer de cuello uterino",numero de mujeres con muestras de pap tomadas,2016-08-01,0,0,13,6,0,19
MALLA,"anticoncepcion, prevencion de its y de cancer de cuello uterino",numero de mujeres con muestras de pap tomadas,2016-08-01,0,0,0,2,0,2
MAPIRI,"anticoncepcion, prevencion de its y de cancer de cuello uterino",numero de mujeres con muestras de pap tomadas,2016-08-01,1,15,38,16,6,76
MECAPACA,"anticoncepcion, prevencion de its y de cancer de cuello uterino",numero de mujeres con muestras de pap tomadas,2016-08-01,0,2,11,5,1,19
MINEROS,"anticoncepcion, prevencion de its y de cancer de cuello uterino",numero de mujeres con muestras de pap tomadas,2016-08-01,0,4,35,8,4,51
MIZQUE,"anticoncepcion, prevencion de its y de cancer de cuello uterino",numero de mujeres con muestras de pap tomadas,2016-08-01,0,2,25,17,13,57
MOCOMOCO,"anticoncepcion, prevencion de its y de cancer de cuello uterino",numero de mujeres con muestras de pap tomadas,2016-08-01,0,2,11,4,3,20
MOJINETE,"anticoncepcion, prevencion de its y de cancer de cuello uterino",numero de mujeres con muestras de pap tomadas,2016-08-01,0,0,1,1,0,2
MOJOCOYA,"anticoncepcion, prevencion de its y de cancer de cuello uterino",numero de mujeres con muestras de pap tomadas,2016-08-01,0,5,46,36,47,134
MONTEAGUDO,"anticoncepcion, prevencion de its y de cancer de cuello uterino",numero de mujeres con muestras de pap tomadas,2016-08-01,0,11,67,68,24,170
MONTERO,"anticoncepcion, prevencion de its y de cancer de cuello uterino",numero de mujeres con muestras de pap tomadas,2016-08-01,2,25,152,92,28,299
MORO MORO,"anticoncepcion, prevencion de its y de cancer de cuello uterino",numero de mujeres con muestras de pap tomadas,2016-08-01,0,2,2,4,0,8
MOROCHATA,"anticoncepcion, prevencion de its y de cancer de cuello uterino",numero de mujeres con muestras de pap tomadas,2016-08-01,0,0,0,1,0,1
NACEBE (SANTA ROSA DEL ABUNA),"anticoncepcion, prevencion de its y de cancer de cuello uterino",numero de mujeres con muestras de pap tomadas,2016-08-01,0,2,5,1,1,9
OCURI,"anticoncepcion, prevencion de its y de cancer de cuello uterino",numero de mujeres con muestras de pap tomadas,2016-08-01,0,1,3,11,0,15
OKINAWA,"anticoncepcion, prevencion de its y de cancer de cuello uterino",numero de mujeres con muestras de pap tomadas,2016-08-01,0,3,8,1,0,12
OMEREQUE,"anticoncepcion, prevencion de its y de cancer de cuello uterino",numero de mujeres con muestras de pap tomadas,2016-08-01,0,1,10,3,1,15
ORURO,"anticoncepcion, prevencion de its y de cancer de cuello uterino",numero de mujeres con muestras de pap tomadas,2016-08-01,0,70,853,458,186,1567
PADCAYA,"anticoncepcion, prevencion de its y de cancer de cuello uterino",numero de mujeres con muestras de pap tomadas,2016-08-01,0,5,32,19,22,78
PADILLA,"anticoncepcion, prevencion de its y de cancer de cuello uterino",numero de mujeres con muestras de pap tomadas,2016-08-01,0,3,29,34,9,75
PAILON,"anticoncepcion, prevencion de its y de cancer de cuello uterino",numero de mujeres con muestras de pap tomadas,2016-08-01,0,3,17,8,7,35
PALCA,"anticoncepcion, prevencion de its y de cancer de cuello uterino",numero de mujeres con muestras de pap tomadas,2016-08-01,0,11,61,20,7,99
PALOS BLANCOS,"anticoncepcion, prevencion de its y de cancer de cuello uterino",numero de mujeres con muestras de pap tomadas,2016-08-01,0,11,94,74,24,203
PAMPA GRANDE,"anticoncepcion, prevencion de its y de cancer de cuello uterino",numero de mujeres con muestras de pap tomadas,2016-08-01,0,2,12,3,1,18
PAPEL PAMPA,"anticoncepcion, prevencion de its y de cancer de cuello uterino",numero de mujeres con muestras de pap tomadas,2016-08-01,0,0,4,5,0,9
PASORAPA,"anticoncepcion, prevencion de its y de cancer de cuello uterino",numero de mujeres con muestras de pap tomadas,2016-08-01,0,1,5,5,2,13
PATACAMAYA,"anticoncepcion, prevencion de its y de cancer de cuello uterino",numero de mujeres con muestras de pap tomadas,2016-08-01,0,0,8,2,3,13
PAZÑA,"anticoncepcion, prevencion de its y de cancer de cuello uterino",numero de mujeres con muestras de pap tomadas,2016-08-01,0,0,8,6,3,17
PELECHUCO,"anticoncepcion, prevencion de its y de cancer de cuello uterino",numero de mujeres con muestras de pap tomadas,2016-08-01,1,8,46,26,12,93
POCOATA,"anticoncepcion, prevencion de its y de cancer de cuello uterino",numero de mujeres con muestras de pap tomadas,2016-08-01,0,9,27,22,8,66
POCONA,"anticoncepcion, prevencion de its y de cancer de cuello uterino",numero de mujeres con muestras de pap tomadas,2016-08-01,2,0,21,4,2,29
POJO (CBBA),"anticoncepcion, prevencion de its y de cancer de cuello uterino",numero de mujeres con muestras de pap tomadas,2016-08-01,0,1,7,2,0,10
PORCO,"anticoncepcion, prevencion de its y de cancer de cuello uterino",numero de mujeres con muestras de pap tomadas,2016-08-01,0,4,1,0,0,5
POROMA,"anticoncepcion, prevencion de its y de cancer de cuello uterino",numero de mujeres con muestras de pap tomadas,2016-08-01,0,21,46,49,33,149
PORONGO,"anticoncepcion, prevencion de its y de cancer de cuello uterino",numero de mujeres con muestras de pap tomadas,2016-08-01,0,2,32,17,14,65
PORTACHUELO,"anticoncepcion, prevencion de its y de cancer de cuello uterino",numero de mujeres con muestras de pap tomadas,2016-08-01,0,6,19,16,1,42
PORVENIR,"anticoncepcion, prevencion de its y de cancer de cuello uterino",numero de mujeres con muestras de pap tomadas,2016-08-01,0,0,9,5,0,14
POSTRER VALLE,"anticoncepcion, prevencion de its y de cancer de cuello uterino",numero de mujeres con muestras de pap tomadas,2016-08-01,0,2,6,4,5,17
POTOSI,"anticoncepcion, prevencion de its y de cancer de cuello uterino",numero de mujeres con muestras de pap tomadas,2016-08-01,1,124,1439,806,279,2649
PRESTO,"anticoncepcion, prevencion de its y de cancer de cuello uterino",numero de mujeres con muestras de pap tomadas,2016-08-01,0,19,54,44,19,136
PUCARA,"anticoncepcion, prevencion de its y de cancer de cuello uterino",numero de mujeres con muestras de pap tomadas,2016-08-01,0,0,2,2,0,4
PUCARANI,"anticoncepcion, prevencion de its y de cancer de cuello uterino",numero de mujeres con muestras de pap tomadas,2016-08-01,1,19,81,47,21,169
PUERTO ACOSTA,"anticoncepcion, prevencion de its y de cancer de cuello uterino",numero de mujeres con muestras de pap tomadas,2016-08-01,0,3,18,25,14,60
PUERTO CARABUCO,"anticoncepcion, prevencion de its y de cancer de cuello uterino",numero de mujeres con muestras de pap tomadas,2016-08-01,0,0,4,4,0,8
PUERTO GONZALO MORENO,"anticoncepcion, prevencion de its y de cancer de cuello uterino",numero de mujeres con muestras de pap tomadas,2016-08-01,0,2,9,3,0,14
PUERTO PEREZ,"anticoncepcion, prevencion de its y de cancer de cuello uterino",numero de mujeres con muestras de pap tomadas,2016-08-01,0,0,0,4,5,9
PUERTO QUIJARRO,"anticoncepcion, prevencion de its y de cancer de cuello uterino",numero de mujeres con muestras de pap tomadas,2016-08-01,0,19,69,16,8,112
PUERTO RICO,"anticoncepcion, prevencion de its y de cancer de cuello uterino",numero de mujeres con muestras de pap tomadas,2016-08-01,0,5,15,5,0,25
PUERTO SUAREZ,"anticoncepcion, prevencion de its y de cancer de cuello uterino",numero de mujeres con muestras de pap tomadas,2016-08-01,0,6,27,10,2,45
PUERTO VILLARROEL,"anticoncepcion, prevencion de its y de cancer de cuello uterino",numero de mujeres con muestras de pap tomadas,2016-08-01,6,38,102,35,10,191
PUNA,"anticoncepcion, prevencion de its y de cancer de cuello uterino",numero de mujeres con muestras de pap tomadas,2016-08-01,0,9,39,25,4,77
PUNATA,"anticoncepcion, prevencion de its y de cancer de cuello uterino",numero de mujeres con muestras de pap tomadas,2016-08-01,0,5,71,42,30,148
QUIABAYA,"anticoncepcion, prevencion de its y de cancer de cuello uterino",numero de mujeres con muestras de pap tomadas,2016-08-01,0,0,9,1,0,10
QUILLACOLLO,"anticoncepcion, prevencion de its y de cancer de cuello uterino",numero de mujeres con muestras de pap tomadas,2016-08-01,0,27,178,126,69,400
QUIME,"anticoncepcion, prevencion de its y de cancer de cuello uterino",numero de mujeres con muestras de pap tomadas,2016-08-01,0,0,7,5,0,12
QUIRUSILLAS,"anticoncepcion, prevencion de its y de cancer de cuello uterino",numero de mujeres con muestras de pap tomadas,2016-08-01,0,0,3,2,2,7
RAVELO,"anticoncepcion, prevencion de its y de cancer de cuello uterino",numero de mujeres con muestras de pap tomadas,2016-08-01,0,1,2,4,3,10
RIBERALTA,"anticoncepcion, prevencion de its y de cancer de cuello uterino",numero de mujeres con muestras de pap tomadas,2016-08-01,12,70,254,84,17,437
ROBORE,"anticoncepcion, prevencion de its y de cancer de cuello uterino",numero de mujeres con muestras de pap tomadas,2016-08-01,0,0,2,0,0,2
RURRENABAQUE,"anticoncepcion, prevencion de its y de cancer de cuello uterino",numero de mujeres con muestras de pap tomadas,2016-08-01,0,0,8,3,4,15
SABAYA,"anticoncepcion, prevencion de its y de cancer de cuello uterino",numero de mujeres con muestras de pap tomadas,2016-08-01,0,0,0,0,1,1
SACABA,"anticoncepcion, prevencion de its y de cancer de cuello uterino",numero de mujeres con muestras de pap tomadas,2016-08-01,0,36,250,135,39,460
SACABAMBA,"anticoncepcion, prevencion de its y de cancer de cuello uterino",numero de mujeres con muestras de pap tomadas,2016-08-01,0,3,7,1,2,13
SACACA,"anticoncepcion, prevencion de its y de cancer de cuello uterino",numero de mujeres con muestras de pap tomadas,2016-08-01,1,9,33,20,7,70
SAIPINA,"anticoncepcion, prevencion de its y de cancer de cuello uterino",numero de mujeres con muestras de pap tomadas,2016-08-01,0,0,3,4,0,7
SALINAS DE GARCI MENDOZA,"anticoncepcion, prevencion de its y de cancer de cuello uterino",numero de mujeres con muestras de pap tomadas,2016-08-01,0,0,12,10,2,24
SAMAIPATA,"anticoncepcion, prevencion de its y de cancer de cuello uterino",numero de mujeres con muestras de pap tomadas,2016-08-01,1,0,13,3,0,17
SAN ANDRES,"anticoncepcion, prevencion de its y de cancer de cuello uterino",numero de mujeres con muestras de pap tomadas,2016-08-01,0,1,7,2,1,11
SAN ANDRES DE MACHACA,"anticoncepcion, prevencion de its y de cancer de cuello uterino",numero de mujeres con muestras de pap tomadas,2016-08-01,0,2,6,6,4,18
SAN ANTONIO DE ESMORUCO,"anticoncepcion, prevencion de its y de cancer de cuello uterino",numero de mujeres con muestras de pap tomadas,2016-08-01,0,1,8,1,0,10
SAN ANTONIO DE LOMERIO,"anticoncepcion, prevencion de its y de cancer de cuello uterino",numero de mujeres con muestras de pap tomadas,2016-08-01,0,0,6,3,2,11
SAN BENITO,"anticoncepcion, prevencion de its y de cancer de cuello uterino",numero de mujeres con muestras de pap tomadas,2016-08-01,0,1,10,4,3,18
SAN BORJA,"anticoncepcion, prevencion de its y de cancer de cuello uterino",numero de mujeres con muestras de pap tomadas,2016-08-01,0,8,18,10,4,40
SAN BUENA VENTURA,"anticoncepcion, prevencion de its y de cancer de cuello uterino",numero de mujeres con muestras de pap tomadas,2016-08-01,0,3,22,11,2,38
SAN CARLOS,"anticoncepcion, prevencion de its y de cancer de cuello uterino",numero de mujeres con muestras de pap tomadas,2016-08-01,0,8,47,14,4,73
SAN IGNACIO,"anticoncepcion, prevencion de its y de cancer de cuello uterino",numero de mujeres con muestras de pap tomadas,2016-08-01,0,0,1,4,0,5
SAN IGNACIO DE VELASCO,"anticoncepcion, prevencion de its y de cancer de cuello uterino",numero de mujeres con muestras de pap tomadas,2016-08-01,0,17,62,27,6,112
SAN JAVIER(STC),"anticoncepcion, prevencion de its y de cancer de cuello uterino",numero de mujeres con muestras de pap tomadas,2016-08-01,1,5,24,9,2,41
SAN JOSE DE CHIQUITOS,"anticoncepcion, prevencion de its y de cancer de cuello uterino",numero de mujeres con muestras de pap tomadas,2016-08-01,2,14,31,8,2,57
SAN JUAN DE YAPACANI,"anticoncepcion, prevencion de its y de cancer de cuello uterino",numero de mujeres con muestras de pap tomadas,2016-08-01,0,0,19,18,6,43
SAN JULIAN,"anticoncepcion, prevencion de its y de cancer de cuello uterino",numero de mujeres con muestras de pap tomadas,2016-08-01,1,22,94,60,19,196
SAN LORENZO(PND),"anticoncepcion, prevencion de its y de cancer de cuello uterino",numero de mujeres con muestras de pap tomadas,2016-08-01,0,3,11,9,1,24
SAN LORENZO(TJA),"anticoncepcion, prevencion de its y de cancer de cuello uterino",numero de mujeres con muestras de pap tomadas,2016-08-01,0,3,50,26,9,88
SAN LUCAS,"anticoncepcion, prevencion de its y de cancer de cuello uterino",numero de mujeres con muestras de pap tomadas,2016-08-01,1,33,67,71,24,196
SAN MIGUEL DE VELASCO,"anticoncepcion, prevencion de its y de cancer de cuello uterino",numero de mujeres con muestras de pap tomadas,2016-08-01,0,0,5,3,1,9
SAN PABLO DE LIPEZ,"anticoncepcion, prevencion de its y de cancer de cuello uterino",numero de mujeres con muestras de pap tomadas,2016-08-01,0,1,1,6,4,12
SAN PEDRO,"anticoncepcion, prevencion de its y de cancer de cuello uterino",numero de mujeres con muestras de pap tomadas,2016-08-01,0,4,17,12,3,36
SAN PEDRO DE BUENA VISTA,"anticoncepcion, prevencion de its y de cancer de cuello uterino",numero de mujeres con muestras de pap tomadas,2016-08-01,0,25,120,95,13,253
SAN PEDRO DE CURAHUARA,"anticoncepcion, prevencion de its y de cancer de cuello uterino",numero de mujeres con muestras de pap tomadas,2016-08-01,0,1,2,0,0,3
SAN PEDRO DE TIQUINA,"anticoncepcion, prevencion de its y de cancer de cuello uterino",numero de mujeres con muestras de pap tomadas,2016-08-01,0,5,4,1,0,10
SAN RAFAEL,"anticoncepcion, prevencion de its y de cancer de cuello uterino",numero de mujeres con muestras de pap tomadas,2016-08-01,0,0,6,7,0,13
SAN RAMON BENI,"anticoncepcion, prevencion de its y de cancer de cuello uterino",numero de mujeres con muestras de pap tomadas,2016-08-01,0,2,1,2,0,5
SAN RAMON SCZ,"anticoncepcion, prevencion de its y de cancer de cuello uterino",numero de mujeres con muestras de pap tomadas,2016-08-01,0,1,12,9,2,24
SANTA CRUZ DE LA SIERRA,"anticoncepcion, prevencion de its y de cancer de cuello uterino",numero de mujeres con muestras de pap tomadas,2016-08-01,19,438,2564,1386,570,4977
SANTA ROSA DEL SARA,"anticoncepcion, prevencion de its y de cancer de cuello uterino",numero de mujeres con muestras de pap tomadas,2016-08-01,0,5,12,10,3,30
SANTIAGO DE HUARI,"anticoncepcion, prevencion de its y de cancer de cuello uterino",numero de mujeres con muestras de pap tomadas,2016-08-01,0,0,9,3,1,13
SANTIAGO DE HUATA,"anticoncepcion, prevencion de its y de cancer de cuello uterino",numero de mujeres con muestras de pap tomadas,2016-08-01,0,0,3,2,0,5
SANTIVAÑES,"anticoncepcion, prevencion de its y de cancer de cuello uterino",numero de mujeres con muestras de pap tomadas,2016-08-01,0,0,6,1,1,8
SANTUARIO DE QUILLACAS,"anticoncepcion, prevencion de its y de cancer de cuello uterino",numero de mujeres con muestras de pap tomadas,2016-08-01,0,1,0,0,0,1
SAPAHAQUI,"anticoncepcion, prevencion de its y de cancer de cuello uterino",numero de mujeres con muestras de pap tomadas,2016-08-01,0,2,11,3,1,17
SENA,"anticoncepcion, prevencion de its y de cancer de cuello uterino",numero de mujeres con muestras de pap tomadas,2016-08-01,0,2,4,2,0,8
SHINAOTA,"anticoncepcion, prevencion de its y de cancer de cuello uterino",numero de mujeres con muestras de pap tomadas,2016-08-01,0,11,31,4,0,46
SICA SICA (VILLA AROMA),"anticoncepcion, prevencion de its y de cancer de cuello uterino",numero de mujeres con muestras de pap tomadas,2016-08-01,0,7,19,9,1,36
SICAYA,"anticoncepcion, prevencion de its y de cancer de cuello uterino",numero de mujeres con muestras de pap tomadas,2016-08-01,0,0,2,2,0,4
SIPE SIPE,"anticoncepcion, prevencion de its y de cancer de cuello uterino",numero de mujeres con muestras de pap tomadas,2016-08-01,0,10,59,40,13,122
SOPACHUY,"anticoncepcion, prevencion de its y de cancer de cuello uterino",numero de mujeres con muestras de pap tomadas,2016-08-01,0,4,14,25,6,49
SORACACHI,"anticoncepcion, prevencion de its y de cancer de cuello uterino",numero de mujeres con muestras de pap tomadas,2016-08-01,0,1,11,4,3,19
SORATA,"anticoncepcion, prevencion de its y de cancer de cuello uterino",numero de mujeres con muestras de pap tomadas,2016-08-01,0,6,41,51,14,112
SUCRE,"anticoncepcion, prevencion de its y de cancer de cuello uterino",numero de mujeres con muestras de pap tomadas,2016-08-01,5,338,2018,1109,393,3863
TACACHI,"anticoncepcion, prevencion de its y de cancer de cuello uterino",numero de mujeres con muestras de pap tomadas,2016-08-01,0,0,2,0,0,2
TACACOMA,"anticoncepcion, prevencion de its y de cancer de cuello uterino",numero de mujeres con muestras de pap tomadas,2016-08-01,0,3,14,12,0,29
TACOBAMBA,"anticoncepcion, prevencion de its y de cancer de cuello uterino",numero de mujeres con muestras de pap tomadas,2016-08-01,1,0,11,10,1,23
TACOPAYA,"anticoncepcion, prevencion de its y de cancer de cuello uterino",numero de mujeres con muestras de pap tomadas,2016-08-01,0,0,4,2,1,7
TAHUA,"anticoncepcion, prevencion de its y de cancer de cuello uterino",numero de mujeres con muestras de pap tomadas,2016-08-01,0,1,6,5,9,21
TAPACARI,"anticoncepcion, prevencion de its y de cancer de cuello uterino",numero de mujeres con muestras de pap tomadas,2016-08-01,1,5,6,4,0,16
TARABUCO,"anticoncepcion, prevencion de its y de cancer de cuello uterino",numero de mujeres con muestras de pap tomadas,2016-08-01,0,5,43,75,41,164
TARACO,"anticoncepcion, prevencion de its y de cancer de cuello uterino",numero de mujeres con muestras de pap tomadas,2016-08-01,0,0,3,4,2,9
TARATA,"anticoncepcion, prevencion de its y de cancer de cuello uterino",numero de mujeres con muestras de pap tomadas,2016-08-01,0,2,4,4,3,13
TARIJA,"anticoncepcion, prevencion de its y de cancer de cuello uterino",numero de mujeres con muestras de pap tomadas,2016-08-01,1,48,601,384,166,1200
TARVITA,"anticoncepcion, prevencion de its y de cancer de cuello uterino",numero de mujeres con muestras de pap tomadas,2016-08-01,0,21,38,33,28,120
TEOPONTE,"anticoncepcion, prevencion de its y de cancer de cuello uterino",numero de mujeres con muestras de pap tomadas,2016-08-01,0,10,48,23,4,85
TIAWANACU,"anticoncepcion, prevencion de its y de cancer de cuello uterino",numero de mujeres con muestras de pap tomadas,2016-08-01,0,2,11,10,7,30
TINGUIPAYA,"anticoncepcion, prevencion de its y de cancer de cuello uterino",numero de mujeres con muestras de pap tomadas,2016-08-01,0,0,9,18,7,34
TIPUANI,"anticoncepcion, prevencion de its y de cancer de cuello uterino",numero de mujeres con muestras de pap tomadas,2016-08-01,0,7,53,20,5,85
TIQUIPAYA,"anticoncepcion, prevencion de its y de cancer de cuello uterino",numero de mujeres con muestras de pap tomadas,2016-08-01,0,15,111,50,13,189
TIRAQUE (CBBA),"anticoncepcion, prevencion de its y de cancer de cuello uterino",numero de mujeres con muestras de pap tomadas,2016-08-01,0,3,16,7,3,29
TITO YUPANQUI (PARQUIPUJIO),"anticoncepcion, prevencion de its y de cancer de cuello uterino",numero de mujeres con muestras de pap tomadas,2016-08-01,0,0,0,1,0,1
TOCO,"anticoncepcion, prevencion de its y de cancer de cuello uterino",numero de mujeres con muestras de pap tomadas,2016-08-01,0,2,10,5,1,18
TOLATA,"anticoncepcion, prevencion de its y de cancer de cuello uterino",numero de mujeres con muestras de pap tomadas,2016-08-01,0,5,11,5,6,27
TOLEDO,"anticoncepcion, prevencion de its y de cancer de cuello uterino",numero de mujeres con muestras de pap tomadas,2016-08-01,0,0,2,1,0,3
TOMAVE,"anticoncepcion, prevencion de its y de cancer de cuello uterino",numero de mujeres con muestras de pap tomadas,2016-08-01,0,10,44,35,20,109
TOMINA,"anticoncepcion, prevencion de its y de cancer de cuello uterino",numero de mujeres con muestras de pap tomadas,2016-08-01,0,7,31,34,15,87
TORO TORO,"anticoncepcion, prevencion de its y de cancer de cuello uterino",numero de mujeres con muestras de pap tomadas,2016-08-01,0,3,22,17,0,42
TOTORA(CBBA),"anticoncepcion, prevencion de its y de cancer de cuello uterino",numero de mujeres con muestras de pap tomadas,2016-08-01,0,1,10,2,0,13
TOTORA(ORR),"anticoncepcion, prevencion de its y de cancer de cuello uterino",numero de mujeres con muestras de pap tomadas,2016-08-01,0,0,7,4,5,16
TRIGAL,"anticoncepcion, prevencion de its y de cancer de cuello uterino",numero de mujeres con muestras de pap tomadas,2016-08-01,0,0,1,2,0,3
TRINIDAD,"anticoncepcion, prevencion de its y de cancer de cuello uterino",numero de mujeres con muestras de pap tomadas,2016-08-01,2,17,159,120,53,351
TUPIZA,"anticoncepcion, prevencion de its y de cancer de cuello uterino",numero de mujeres con muestras de pap tomadas,2016-08-01,0,5,57,43,15,120
TURCO,"anticoncepcion, prevencion de its y de cancer de cuello uterino",numero de mujeres con muestras de pap tomadas,2016-08-01,0,0,0,1,0,1
UMALA,"anticoncepcion, prevencion de its y de cancer de cuello uterino",numero de mujeres con muestras de pap tomadas,2016-08-01,0,0,5,1,0,6
UNCIA,"anticoncepcion, prevencion de its y de cancer de cuello uterino",numero de mujeres con muestras de pap tomadas,2016-08-01,0,0,12,10,6,28
URIONDO (A. CONCEPCION),"anticoncepcion, prevencion de its y de cancer de cuello uterino",numero de mujeres con muestras de pap tomadas,2016-08-01,0,5,28,27,6,66
URUBICHA,"anticoncepcion, prevencion de its y de cancer de cuello uterino",numero de mujeres con muestras de pap tomadas,2016-08-01,0,1,16,3,0,20
UYUNI,"anticoncepcion, prevencion de its y de cancer de cuello uterino",numero de mujeres con muestras de pap tomadas,2016-08-01,0,2,28,26,10,66
VACAS,"anticoncepcion, prevencion de its y de cancer de cuello uterino",numero de mujeres con muestras de pap tomadas,2016-08-01,0,2,1,1,0,4
VALLEGRANDE,"anticoncepcion, prevencion de its y de cancer de cuello uterino",numero de mujeres con muestras de pap tomadas,2016-08-01,1,11,40,34,13,99
VIACHA,"anticoncepcion, prevencion de its y de cancer de cuello uterino",numero de mujeres con muestras de pap tomadas,2016-08-01,1,8,130,117,44,300
VILLA CHARCAS,"anticoncepcion, prevencion de its y de cancer de cuello uterino",numero de mujeres con muestras de pap tomadas,2016-08-01,0,5,30,20,2,57
VILLA MONTES,"anticoncepcion, prevencion de its y de cancer de cuello uterino",numero de mujeres con muestras de pap tomadas,2016-08-01,0,47,157,90,26,320
VILLA RIVERO,"anticoncepcion, prevencion de its y de cancer de cuello uterino",numero de mujeres con muestras de pap tomadas,2016-08-01,0,1,8,1,0,10
VILLA SERRANO,"anticoncepcion, prevencion de its y de cancer de cuello uterino",numero de mujeres con muestras de pap tomadas,2016-08-01,1,11,54,42,24,132
VILLA TUNARI,"anticoncepcion, prevencion de its y de cancer de cuello uterino",numero de mujeres con muestras de pap tomadas,2016-08-01,0,15,90,74,15,194
VILLA VACA GUZMAN (MUYUPAMPA),"anticoncepcion, prevencion de its y de cancer de cuello uterino",numero de mujeres con muestras de pap tomadas,2016-08-01,0,1,6,6,1,14
VILLAZON,"anticoncepcion, prevencion de its y de cancer de cuello uterino",numero de mujeres con muestras de pap tomadas,2016-08-01,1,16,123,67,26,233
VINTO,"anticoncepcion, prevencion de its y de cancer de cuello uterino",numero de mujeres con muestras de pap tomadas,2016-08-01,2,6,48,24,4,84
VITICHI,"anticoncepcion, prevencion de its y de cancer de cuello uterino",numero de mujeres con muestras de pap tomadas,2016-08-01,0,1,13,8,2,24
WALDO BALLIVIAN,"anticoncepcion, prevencion de its y de cancer de cuello uterino",numero de mujeres con muestras de pap tomadas,2016-08-01,0,0,1,1,0,2
WARNES,"anticoncepcion, prevencion de its y de cancer de cuello uterino",numero de mujeres con muestras de pap tomadas,2016-08-01,0,36,210,105,39,390
YACO,"anticoncepcion, prevencion de its y de cancer de cuello uterino",numero de mujeres con muestras de pap tomadas,2016-08-01,0,1,9,14,2,26
YACUIBA,"anticoncepcion, prevencion de its y de cancer de cuello uterino",numero de mujeres con muestras de pap tomadas,2016-08-01,0,12,131,107,48,298
YAMPARAEZ,"anticoncepcion, prevencion de its y de cancer de cuello uterino",numero de mujeres con muestras de pap tomadas,2016-08-01,0,22,43,61,96,222
YAPACANI,"anticoncepcion, prevencion de its y de cancer de cuello uterino",numero de mujeres con muestras de pap tomadas,2016-08-01,0,14,88,52,12,166
YOCALLA,"anticoncepcion, prevencion de its y de cancer de cuello uterino",numero de mujeres con muestras de pap tomadas,2016-08-01,0,1,3,0,0,4
YOTALA,"anticoncepcion, prevencion de its y de cancer de cuello uterino",numero de mujeres con muestras de pap tomadas,2016-08-01,0,8,22,25,13,68
YUNCHARA,"anticoncepcion, prevencion de its y de cancer de cuello uterino",numero de mujeres con muestras de pap tomadas,2016-08-01,0,5,24,11,5,45
ZUDAÑEZ,"anticoncepcion, prevencion de its y de cancer de cuello uterino",numero de mujeres con muestras de pap tomadas,2016-08-01,0,10,20,25,8,63
ACACIO,"anticoncepcion, prevencion de its y de cancer de cuello uterino",numero de mujeres con muestras de pap tomadas,2016-09-01,0,2,5,3,4,14
ACHACACHI,"anticoncepcion, prevencion de its y de cancer de cuello uterino",numero de mujeres con muestras de pap tomadas,2016-09-01,0,10,43,14,6,73
ACHOCALLA,"anticoncepcion, prevencion de its y de cancer de cuello uterino",numero de mujeres con muestras de pap tomadas,2016-09-01,0,4,28,19,5,56
AIQUILE,"anticoncepcion, prevencion de its y de cancer de cuello uterino",numero de mujeres con muestras de pap tomadas,2016-09-01,0,1,25,20,6,52
ALCALA,"anticoncepcion, prevencion de its y de cancer de cuello uterino",numero de mujeres con muestras de pap tomadas,2016-09-01,0,3,10,17,7,37
ALTO BENI,"anticoncepcion, prevencion de its y de cancer de cuello uterino",numero de mujeres con muestras de pap tomadas,2016-09-01,0,0,4,4,0,8
ANCORAIMES,"anticoncepcion, prevencion de its y de cancer de cuello uterino",numero de mujeres con muestras de pap tomadas,2016-09-01,0,2,1,2,1,6
ANDAMARCA,"anticoncepcion, prevencion de its y de cancer de cuello uterino",numero de mujeres con muestras de pap tomadas,2016-09-01,0,4,22,24,20,70
ANZALDO,"anticoncepcion, prevencion de its y de cancer de cuello uterino",numero de mujeres con muestras de pap tomadas,2016-09-01,0,1,9,9,1,20
APOLO,"anticoncepcion, prevencion de its y de cancer de cuello uterino",numero de mujeres con muestras de pap tomadas,2016-09-01,0,8,36,19,3,66
ARAMPAMPA,"anticoncepcion, prevencion de its y de cancer de cuello uterino",numero de mujeres con muestras de pap tomadas,2016-09-01,0,1,13,17,0,31
ARANI,"anticoncepcion, prevencion de its y de cancer de cuello uterino",numero de mujeres con muestras de pap tomadas,2016-09-01,0,0,10,6,3,19
ARBIETO,"anticoncepcion, prevencion de its y de cancer de cuello uterino",numero de mujeres con muestras de pap tomadas,2016-09-01,0,13,34,14,4,65
ARQUE,"anticoncepcion, prevencion de its y de cancer de cuello uterino",numero de mujeres con muestras de pap tomadas,2016-09-01,0,1,0,2,0,3
ASCENCION DE GUARAYOS,"anticoncepcion, prevencion de its y de cancer de cuello uterino",numero de mujeres con muestras de pap tomadas,2016-09-01,3,21,79,22,12,137
ATOCHA,"anticoncepcion, prevencion de its y de cancer de cuello uterino",numero de mujeres con muestras de pap tomadas,2016-09-01,0,1,39,4,4,48
AUCAPATA,"anticoncepcion, prevencion de its y de cancer de cuello uterino",numero de mujeres con muestras de pap tomadas,2016-09-01,0,2,4,6,0,12
AYATA,"anticoncepcion, prevencion de its y de cancer de cuello uterino",numero de mujeres con muestras de pap tomadas,2016-09-01,0,0,4,2,1,7
AYO AYO,"anticoncepcion, prevencion de its y de cancer de cuello uterino",numero de mujeres con muestras de pap tomadas,2016-09-01,0,1,3,3,0,7
AYOPAYA (V. DE INDEPENDENCIA),"anticoncepcion, prevencion de its y de cancer de cuello uterino",numero de mujeres con muestras de pap tomadas,2016-09-01,0,2,20,7,4,33
AZURDUY,"anticoncepcion, prevencion de its y de cancer de cuello uterino",numero de mujeres con muestras de pap tomadas,2016-09-01,0,11,107,77,29,224
BATALLAS,"anticoncepcion, prevencion de its y de cancer de cuello uterino",numero de mujeres con muestras de pap tomadas,2016-09-01,0,4,28,44,28,104
BAURES,"anticoncepcion, prevencion de its y de cancer de cuello uterino",numero de mujeres con muestras de pap tomadas,2016-09-01,0,0,0,1,0,1
BELEN DE URMIRI,"anticoncepcion, prevencion de its y de cancer de cuello uterino",numero de mujeres con muestras de pap tomadas,2016-09-01,0,0,0,1,1,2
BELLA FLOR,"anticoncepcion, prevencion de its y de cancer de cuello uterino",numero de mujeres con muestras de pap tomadas,2016-09-01,2,1,14,8,2,27
BERMEJO,"anticoncepcion, prevencion de its y de cancer de cuello uterino",numero de mujeres con muestras de pap tomadas,2016-09-01,0,9,97,76,28,210
BETANZOS,"anticoncepcion, prevencion de its y de cancer de cuello uterino",numero de mujeres con muestras de pap tomadas,2016-09-01,0,12,76,83,27,198
BOLIVAR,"anticoncepcion, prevencion de its y de cancer de cuello uterino",numero de mujeres con muestras de pap tomadas,2016-09-01,0,2,0,0,0,2
BOLPEBRA,"anticoncepcion, prevencion de its y de cancer de cuello uterino",numero de mujeres con muestras de pap tomadas,2016-09-01,0,0,2,0,0,2
BUENA VISTA,"anticoncepcion, prevencion de its y de cancer de cuello uterino",numero de mujeres con muestras de pap tomadas,2016-09-01,0,7,11,7,0,25
CABEZAS,"anticoncepcion, prevencion de its y de cancer de cuello uterino",numero de mujeres con muestras de pap tomadas,2016-09-01,0,6,22,16,5,49
CAIROMA,"anticoncepcion, prevencion de its y de cancer de cuello uterino",numero de mujeres con muestras de pap tomadas,2016-09-01,0,0,7,7,4,18
"CAIZA ""D""","anticoncepcion, prevencion de its y de cancer de cuello uterino",numero de mujeres con muestras de pap tomadas,2016-09-01,0,8,17,11,2,38
CAJUATA,"anticoncepcion, prevencion de its y de cancer de cuello uterino",numero de mujeres con muestras de pap tomadas,2016-09-01,0,0,2,1,1,4
CALACOTO,"anticoncepcion, prevencion de its y de cancer de cuello uterino",numero de mujeres con muestras de pap tomadas,2016-09-01,0,1,2,3,2,8
CALAMARCA,"anticoncepcion, prevencion de its y de cancer de cuello uterino",numero de mujeres con muestras de pap tomadas,2016-09-01,0,4,27,19,6,56
CAMARGO,"anticoncepcion, prevencion de its y de cancer de cuello uterino",numero de mujeres con muestras de pap tomadas,2016-09-01,0,17,47,43,26,133
CAMATAQUI (C. VILLA ABECIA),"anticoncepcion, prevencion de its y de cancer de cuello uterino",numero de mujeres con muestras de pap tomadas,2016-09-01,2,9,19,10,6,46
CAMIRI,"anticoncepcion, prevencion de its y de cancer de cuello uterino",numero de mujeres con muestras de pap tomadas,2016-09-01,0,1,16,18,4,39
CAPINOTA,"anticoncepcion, prevencion de its y de cancer de cuello uterino",numero de mujeres con muestras de pap tomadas,2016-09-01,1,25,133,89,45,293
CAQUIAVIRI,"anticoncepcion, prevencion de its y de cancer de cuello uterino",numero de mujeres con muestras de pap tomadas,2016-09-01,0,1,3,2,1,7
CARACOLLO,"anticoncepcion, prevencion de its y de cancer de cuello uterino",numero de mujeres con muestras de pap tomadas,2016-09-01,0,2,31,9,6,48
CARANAVI,"anticoncepcion, prevencion de its y de cancer de cuello uterino",numero de mujeres con muestras de pap tomadas,2016-09-01,0,26,153,87,18,284
CARANGAS,"anticoncepcion, prevencion de its y de cancer de cuello uterino",numero de mujeres con muestras de pap tomadas,2016-09-01,0,0,3,1,1,5
CARAPARI,"anticoncepcion, prevencion de its y de cancer de cuello uterino",numero de mujeres con muestras de pap tomadas,2016-09-01,0,1,19,10,6,36
CARIPUYO,"anticoncepcion, prevencion de its y de cancer de cuello uterino",numero de mujeres con muestras de pap tomadas,2016-09-01,0,2,17,4,1,24
CARMEN RIVERO TORREZ,"anticoncepcion, prevencion de its y de cancer de cuello uterino",numero de mujeres con muestras de pap tomadas,2016-09-01,0,1,6,0,0,7
CATACORA,"anticoncepcion, prevencion de its y de cancer de cuello uterino",numero de mujeres con muestras de pap tomadas,2016-09-01,0,0,2,3,1,6
CHACARILLA,"anticoncepcion, prevencion de its y de cancer de cuello uterino",numero de mujeres con muestras de pap tomadas,2016-09-01,0,0,0,0,1,1
CHALLAPATA,"anticoncepcion, prevencion de its y de cancer de cuello uterino",numero de mujeres con muestras de pap tomadas,2016-09-01,0,2,33,15,6,56
CHAQUI,"anticoncepcion, prevencion de its y de cancer de cuello uterino",numero de mujeres con muestras de pap tomadas,2016-09-01,0,2,19,21,27,69
CHARAGUA,"anticoncepcion, prevencion de its y de cancer de cuello uterino",numero de mujeres con muestras de pap tomadas,2016-09-01,0,3,20,9,2,34
CHAYANTA,"anticoncepcion, prevencion de its y de cancer de cuello uterino",numero de mujeres con muestras de pap tomadas,2016-09-01,0,3,14,7,0,24
CHIMORE,"anticoncepcion, prevencion de its y de cancer de cuello uterino",numero de mujeres con muestras de pap tomadas,2016-09-01,0,3,19,6,1,29
CHIPAYA,"anticoncepcion, prevencion de its y de cancer de cuello uterino",numero de mujeres con muestras de pap tomadas,2016-09-01,0,1,0,0,0,1
CHUA COCANI,"anticoncepcion, prevencion de its y de cancer de cuello uterino",numero de mujeres con muestras de pap tomadas,2016-09-01,0,0,5,0,0,5
CHULUMANI (V. DE LA LIBERTAD),"anticoncepcion, prevencion de its y de cancer de cuello uterino",numero de mujeres con muestras de pap tomadas,2016-09-01,0,6,15,9,1,31
CHUMA,"anticoncepcion, prevencion de its y de cancer de cuello uterino",numero de mujeres con muestras de pap tomadas,2016-09-01,0,0,10,6,3,19
CHUQUIHUTA AYLLU JUCUMANI,"anticoncepcion, prevencion de its y de cancer de cuello uterino",numero de mujeres con muestras de pap tomadas,2016-09-01,2,4,12,24,0,42
CKOCHAS,"anticoncepcion, prevencion de its y de cancer de cuello uterino",numero de mujeres con muestras de pap tomadas,2016-09-01,0,4,8,14,7,33
CLIZA,"anticoncepcion, prevencion de its y de cancer de cuello uterino",numero de mujeres con muestras de pap tomadas,2016-09-01,0,8,32,9,4,53
COBIJA,"anticoncepcion, prevencion de its y de cancer de cuello uterino",numero de mujeres con muestras de pap tomadas,2016-09-01,5,41,87,63,14,210
COCAPATA,"anticoncepcion, prevencion de its y de cancer de cuello uterino",numero de mujeres con muestras de pap tomadas,2016-09-01,0,16,14,7,1,38
COCHABAMBA,"anticoncepcion, prevencion de its y de cancer de cuello uterino",numero de mujeres con muestras de pap tomadas,2016-09-01,2,146,2029,1427,741,4345
COLCAPIRHUA,"anticoncepcion, prevencion de its y de cancer de cuello uterino",numero de mujeres con muestras de pap tomadas,2016-09-01,0,8,37,36,23,104
"COLCHA ""K""","anticoncepcion, prevencion de its y de cancer de cuello uterino",numero de mujeres con muestras de pap tomadas,2016-09-01,0,5,51,38,14,108
COLOMI,"anticoncepcion, prevencion de its y de cancer de cuello uterino",numero de mujeres con muestras de pap tomadas,2016-09-01,0,0,7,2,0,9
COLPA BELGICA,"anticoncepcion, prevencion de its y de cancer de cuello uterino",numero de mujeres con muestras de pap tomadas,2016-09-01,0,3,4,2,1,10
COLQUECHACA,"anticoncepcion, prevencion de its y de cancer de cuello uterino",numero de mujeres con muestras de pap tomadas,2016-09-01,1,4,30,23,4,62
COLQUENCHA,"anticoncepcion, prevencion de its y de cancer de cuello uterino",numero de mujeres con muestras de pap tomadas,2016-09-01,0,0,11,1,3,15
COLQUIRI,"anticoncepcion, prevencion de its y de cancer de cuello uterino",numero de mujeres con muestras de pap tomadas,2016-09-01,0,2,4,0,1,7
COMANCHE,"anticoncepcion, prevencion de its y de cancer de cuello uterino",numero de mujeres con muestras de pap tomadas,2016-09-01,0,0,1,0,0,1
COMARAPA,"anticoncepcion, prevencion de its y de cancer de cuello uterino",numero de mujeres con muestras de pap tomadas,2016-09-01,1,12,86,61,20,180
CONCEPCION,"anticoncepcion, prevencion de its y de cancer de cuello uterino",numero de mujeres con muestras de pap tomadas,2016-09-01,1,19,36,5,0,61
COPACABANA,"anticoncepcion, prevencion de its y de cancer de cuello uterino",numero de mujeres con muestras de pap tomadas,2016-09-01,0,0,8,6,2,16
CORIPATA,"anticoncepcion, prevencion de its y de cancer de cuello uterino",numero de mujeres con muestras de pap tomadas,2016-09-01,0,5,27,12,3,47
CORO CORO,"anticoncepcion, prevencion de its y de cancer de cuello uterino",numero de mujeres con muestras de pap tomadas,2016-09-01,0,0,5,2,0,7
COROICO,"anticoncepcion, prevencion de its y de cancer de cuello uterino",numero de mujeres con muestras de pap tomadas,2016-09-01,0,9,56,34,18,117
CORQUE,"anticoncepcion, prevencion de its y de cancer de cuello uterino",numero de mujeres con muestras de pap tomadas,2016-09-01,0,3,8,3,0,14
COTAGAITA,"anticoncepcion, prevencion de its y de cancer de cuello uterino",numero de mujeres con muestras de pap tomadas,2016-09-01,0,6,46,51,19,122
COTOCA,"anticoncepcion, prevencion de its y de cancer de cuello uterino",numero de mujeres con muestras de pap tomadas,2016-09-01,2,20,97,39,9,167
CRUZ DE MACHACAMARCA,"anticoncepcion, prevencion de its y de cancer de cuello uterino",numero de mujeres con muestras de pap tomadas,2016-09-01,0,0,0,2,1,3
CUATRO CAÑADAS,"anticoncepcion, prevencion de its y de cancer de cuello uterino",numero de mujeres con muestras de pap tomadas,2016-09-01,0,0,18,14,1,33
CUEVO,"anticoncepcion, prevencion de its y de cancer de cuello uterino",numero de mujeres con muestras de pap tomadas,2016-09-01,0,1,1,6,3,11
CULPINA,"anticoncepcion, prevencion de its y de cancer de cuello uterino",numero de mujeres con muestras de pap tomadas,2016-09-01,1,9,33,29,7,79
CURAHUARA DE CARANGAS,"anticoncepcion, prevencion de its y de cancer de cuello uterino",numero de mujeres con muestras de pap tomadas,2016-09-01,0,0,1,2,1,4
DESAGUADERO,"anticoncepcion, prevencion de its y de cancer de cuello uterino",numero de mujeres con muestras de pap tomadas,2016-09-01,0,0,6,2,0,8
EL ALTO,"anticoncepcion, prevencion de its y de cancer de cuello uterino",numero de mujeres con muestras de pap tomadas,2016-09-01,4,172,1764,1226,387,3553
EL CHORO,"anticoncepcion, prevencion de its y de cancer de cuello uterino",numero de mujeres con muestras de pap tomadas,2016-09-01,0,0,1,0,0,1
EL PUENTE(STC),"anticoncepcion, prevencion de its y de cancer de cuello uterino",numero de mujeres con muestras de pap tomadas,2016-09-01,1,4,16,9,1,31
EL PUENTE(TJA),"anticoncepcion, prevencion de its y de cancer de cuello uterino",numero de mujeres con muestras de pap tomadas,2016-09-01,0,1,30,38,17,86
EL TORNO,"anticoncepcion, prevencion de its y de cancer de cuello uterino",numero de mujeres con muestras de pap tomadas,2016-09-01,0,26,113,61,31,231
EL VILLAR,"anticoncepcion, prevencion de its y de cancer de cuello uterino",numero de mujeres con muestras de pap tomadas,2016-09-01,0,2,10,15,5,32
ENTRE RIOS TRJ,"anticoncepcion, prevencion de its y de cancer de cuello uterino",numero de mujeres con muestras de pap tomadas,2016-09-01,0,5,52,38,11,106
ENTRE RIOS CBBA,"anticoncepcion, prevencion de its y de cancer de cuello uterino",numero de mujeres con muestras de pap tomadas,2016-09-01,0,1,10,3,1,15
ESCOMA,"anticoncepcion, prevencion de its y de cancer de cuello uterino",numero de mujeres con muestras de pap tomadas,2016-09-01,0,3,5,3,0,11
EUCALIPTUS,"anticoncepcion, prevencion de its y de cancer de cuello uterino",numero de mujeres con muestras de pap tomadas,2016-09-01,0,1,10,2,1,14
EUREKA (SANTOS MERCADO),"anticoncepcion, prevencion de its y de cancer de cuello uterino",numero de mujeres con muestras de pap tomadas,2016-09-01,0,1,2,0,0,3
FERNANDEZ ALONSO,"anticoncepcion, prevencion de its y de cancer de cuello uterino",numero de mujeres con muestras de pap tomadas,2016-09-01,0,1,17,8,0,26
FILADELFIA,"anticoncepcion, prevencion de its y de cancer de cuello uterino",numero de mujeres con muestras de pap tomadas,2016-09-01,0,1,2,0,0,3
GENERAL SAAVEDRA,"anticoncepcion, prevencion de its y de cancer de cuello uterino",numero de mujeres con muestras de pap tomadas,2016-09-01,0,1,3,6,0,10
GRAL. J.J. PEREZ (CHARAZANI),"anticoncepcion, prevencion de its y de cancer de cuello uterino",numero de mujeres con muestras de pap tomadas,2016-09-01,0,0,7,2,2,11
GUANAY,"anticoncepcion, prevencion de its y de cancer de cuello uterino",numero de mujeres con muestras de pap tomadas,2016-09-01,0,4,34,13,0,51
GUAQUI,"anticoncepcion, prevencion de its y de cancer de cuello uterino",numero de mujeres con muestras de pap tomadas,2016-09-01,0,2,10,4,3,19
GUAYARAMERIN,"anticoncepcion, prevencion de its y de cancer de cuello uterino",numero de mujeres con muestras de pap tomadas,2016-09-01,0,23,67,20,3,113
GUTIERREZ,"anticoncepcion, prevencion de its y de cancer de cuello uterino",numero de mujeres con muestras de pap tomadas,2016-09-01,0,7,33,11,7,58
HUACARETA,"anticoncepcion, prevencion de its y de cancer de cuello uterino",numero de mujeres con muestras de pap tomadas,2016-09-01,0,9,8,22,10,49
HUACAYA (VILLA DE HUACAYA),"anticoncepcion, prevencion de its y de cancer de cuello uterino",numero de mujeres con muestras de pap tomadas,2016-09-01,0,3,15,16,9,43
HUACHACALLA,"anticoncepcion, prevencion de its y de cancer de cuello uterino",numero de mujeres con muestras de pap tomadas,2016-09-01,0,0,5,1,1,7
HUANUNI,"anticoncepcion, prevencion de its y de cancer de cuello uterino",numero de mujeres con muestras de pap tomadas,2016-09-01,0,3,52,24,9,88
HUARINA,"anticoncepcion, prevencion de its y de cancer de cuello uterino",numero de mujeres con muestras de pap tomadas,2016-09-01,0,1,1,1,2,5
HUAYLLAMARCA,"anticoncepcion, prevencion de its y de cancer de cuello uterino",numero de mujeres con muestras de pap tomadas,2016-09-01,0,1,9,21,4,35
HUMANATA,"anticoncepcion, prevencion de its y de cancer de cuello uterino",numero de mujeres con muestras de pap tomadas,2016-09-01,0,3,6,3,0,12
ICHOCA,"anticoncepcion, prevencion de its y de cancer de cuello uterino",numero de mujeres con muestras de pap tomadas,2016-09-01,0,1,3,1,0,5
ICLA,"anticoncepcion, prevencion de its y de cancer de cuello uterino",numero de mujeres con muestras de pap tomadas,2016-09-01,0,6,25,37,12,80
INCAHUASI,"anticoncepcion, prevencion de its y de cancer de cuello uterino",numero de mujeres con muestras de pap tomadas,2016-09-01,0,9,56,43,15,123
INGAVI (HUMAITA),"anticoncepcion, prevencion de its y de cancer de cuello uterino",numero de mujeres con muestras de pap tomadas,2016-09-01,0,1,6,1,1,9
INQUISIVI,"anticoncepcion, prevencion de its y de cancer de cuello uterino",numero de mujeres con muestras de pap tomadas,2016-09-01,0,0,2,1,2,5
IRUPANA (VILLA DE LANZA),"anticoncepcion, prevencion de its y de cancer de cuello uterino",numero de mujeres con muestras de pap tomadas,2016-09-01,0,2,14,10,2,28
IXIAMAS,"anticoncepcion, prevencion de its y de cancer de cuello uterino",numero de mujeres con muestras de pap tomadas,2016-09-01,0,1,6,1,2,10
JESUS DE MACHACA,"anticoncepcion, prevencion de its y de cancer de cuello uterino",numero de mujeres con muestras de pap tomadas,2016-09-01,0,1,11,7,2,21
LA ASUNTA,"anticoncepcion, prevencion de its y de cancer de cuello uterino",numero de mujeres con muestras de pap tomadas,2016-09-01,1,15,99,38,16,169
LA GUARDIA,"anticoncepcion, prevencion de its y de cancer de cuello uterino",numero de mujeres con muestras de pap tomadas,2016-09-01,2,55,270,120,45,492
LA PAZ,"anticoncepcion, prevencion de its y de cancer de cuello uterino",numero de mujeres con muestras de pap tomadas,2016-09-01,3,140,1668,1403,788,4002
LA RIVERA,"anticoncepcion, prevencion de its y de cancer de cuello uterino",numero de mujeres con muestras de pap tomadas,2016-09-01,0,1,3,0,0,4
LAJA,"anticoncepcion, prevencion de its y de cancer de cuello uterino",numero de mujeres con muestras de pap tomadas,2016-09-01,0,0,11,8,5,24
LAS CARRERAS,"anticoncepcion, prevencion de its y de cancer de cuello uterino",numero de mujeres con muestras de pap tomadas,2016-09-01,0,7,17,10,15,49
LICOMA PAMPA,"anticoncepcion, prevencion de its y de cancer de cuello uterino",numero de mujeres con muestras de pap tomadas,2016-09-01,0,0,0,1,0,1
LLALLAGUA,"anticoncepcion, prevencion de its y de cancer de cuello uterino",numero de mujeres con muestras de pap tomadas,2016-09-01,0,1,15,27,10,53
LURIBAY,"anticoncepcion, prevencion de its y de cancer de cuello uterino",numero de mujeres con muestras de pap tomadas,2016-09-01,0,4,6,9,5,24
MACHACAMARCA,"anticoncepcion, prevencion de its y de cancer de cuello uterino",numero de mujeres con muestras de pap tomadas,2016-09-01,0,2,7,5,1,15
MACHARETI,"anticoncepcion, prevencion de its y de cancer de cuello uterino",numero de mujeres con muestras de pap tomadas,2016-09-01,0,3,29,18,3,53
MAGDALENA,"anticoncepcion, prevencion de its y de cancer de cuello uterino",numero de mujeres con muestras de pap tomadas,2016-09-01,0,0,19,16,5,40
MAIRANA,"anticoncepcion, prevencion de its y de cancer de cuello uterino",numero de mujeres con muestras de pap tomadas,2016-09-01,0,0,1,1,0,2
MAPIRI,"anticoncepcion, prevencion de its y de cancer de cuello uterino",numero de mujeres con muestras de pap tomadas,2016-09-01,0,12,34,18,1,65
MECAPACA,"anticoncepcion, prevencion de its y de cancer de cuello uterino",numero de mujeres con muestras de pap tomadas,2016-09-01,0,0,5,5,0,10
MINEROS,"anticoncepcion, prevencion de its y de cancer de cuello uterino",numero de mujeres con muestras de pap tomadas,2016-09-01,1,8,64,23,14,110
MIZQUE,"anticoncepcion, prevencion de its y de cancer de cuello uterino",numero de mujeres con muestras de pap tomadas,2016-09-01,0,0,11,16,3,30
MOCOMOCO,"anticoncepcion, prevencion de its y de cancer de cuello uterino",numero de mujeres con muestras de pap tomadas,2016-09-01,0,1,8,9,2,20
MOJINETE,"anticoncepcion, prevencion de its y de cancer de cuello uterino",numero de mujeres con muestras de pap tomadas,2016-09-01,0,0,0,1,0,1
MOJOCOYA,"anticoncepcion, prevencion de its y de cancer de cuello uterino",numero de mujeres con muestras de pap tomadas,2016-09-01,0,17,31,24,22,94
MONTEAGUDO,"anticoncepcion, prevencion de its y de cancer de cuello uterino",numero de mujeres con muestras de pap tomadas,2016-09-01,0,18,79,97,39,233
MONTERO,"anticoncepcion, prevencion de its y de cancer de cuello uterino",numero de mujeres con muestras de pap tomadas,2016-09-01,12,33,189,97,38,369
MORO MORO,"anticoncepcion, prevencion de its y de cancer de cuello uterino",numero de mujeres con muestras de pap tomadas,2016-09-01,1,1,6,1,1,10
MOROCHATA,"anticoncepcion, prevencion de its y de cancer de cuello uterino",numero de mujeres con muestras de pap tomadas,2016-09-01,0,0,1,4,0,5
NUEVO MANOA (NUEVA ESPERANZA),"anticoncepcion, prevencion de its y de cancer de cuello uterino",numero de mujeres con muestras de pap tomadas,2016-09-01,0,0,6,1,1,8
OCURI,"anticoncepcion, prevencion de its y de cancer de cuello uterino",numero de mujeres con muestras de pap tomadas,2016-09-01,0,2,10,6,2,20
OKINAWA,"anticoncepcion, prevencion de its y de cancer de cuello uterino",numero de mujeres con muestras de pap tomadas,2016-09-01,0,1,18,9,2,30
OMEREQUE,"anticoncepcion, prevencion de its y de cancer de cuello uterino",numero de mujeres con muestras de pap tomadas,2016-09-01,0,2,3,3,0,8
ORURO,"anticoncepcion, prevencion de its y de cancer de cuello uterino",numero de mujeres con muestras de pap tomadas,2016-09-01,0,46,571,312,115,1044
PADCAYA,"anticoncepcion, prevencion de its y de cancer de cuello uterino",numero de mujeres con muestras de pap tomadas,2016-09-01,1,7,41,37,15,101
PADILLA,"anticoncepcion, prevencion de its y de cancer de cuello uterino",numero de mujeres con muestras de pap tomadas,2016-09-01,0,6,24,20,10,60
PAILON,"anticoncepcion, prevencion de its y de cancer de cuello uterino",numero de mujeres con muestras de pap tomadas,2016-09-01,0,2,13,4,0,19
PALCA,"anticoncepcion, prevencion de its y de cancer de cuello uterino",numero de mujeres con muestras de pap tomadas,2016-09-01,1,15,30,6,2,54
PALOS BLANCOS,"anticoncepcion, prevencion de its y de cancer de cuello uterino",numero de mujeres con muestras de pap tomadas,2016-09-01,2,9,80,47,27,165
PAMPA AULLAGAS,"anticoncepcion, prevencion de its y de cancer de cuello uterino",numero de mujeres con muestras de pap tomadas,2016-09-01,0,0,0,0,1,1
PAMPA GRANDE,"anticoncepcion, prevencion de its y de cancer de cuello uterino",numero de mujeres con muestras de pap tomadas,2016-09-01,0,1,5,1,0,7
PAPEL PAMPA,"anticoncepcion, prevencion de its y de cancer de cuello uterino",numero de mujeres con muestras de pap tomadas,2016-09-01,0,1,4,4,1,10
PASORAPA,"anticoncepcion, prevencion de its y de cancer de cuello uterino",numero de mujeres con muestras de pap tomadas,2016-09-01,0,0,6,11,7,24
PATACAMAYA,"anticoncepcion, prevencion de its y de cancer de cuello uterino",numero de mujeres con muestras de pap tomadas,2016-09-01,0,0,1,1,1,3
PAZÑA,"anticoncepcion, prevencion de its y de cancer de cuello uterino",numero de mujeres con muestras de pap tomadas,2016-09-01,0,0,8,3,1,12
PELECHUCO,"anticoncepcion, prevencion de its y de cancer de cuello uterino",numero de mujeres con muestras de pap tomadas,2016-09-01,0,12,54,13,2,81
POCOATA,"anticoncepcion, prevencion de its y de cancer de cuello uterino",numero de mujeres con muestras de pap tomadas,2016-09-01,0,5,42,44,13,104
POCONA,"anticoncepcion, prevencion de its y de cancer de cuello uterino",numero de mujeres con muestras de pap tomadas,2016-09-01,0,0,8,9,3,20
POJO (CBBA),"anticoncepcion, prevencion de its y de cancer de cuello uterino",numero de mujeres con muestras de pap tomadas,2016-09-01,0,3,4,3,1,11
POOPO,"anticoncepcion, prevencion de its y de cancer de cuello uterino",numero de mujeres con muestras de pap tomadas,2016-09-01,0,8,75,48,15,146
PORCO,"anticoncepcion, prevencion de its y de cancer de cuello uterino",numero de mujeres con muestras de pap tomadas,2016-09-01,0,1,8,5,0,14
POROMA,"anticoncepcion, prevencion de its y de cancer de cuello uterino",numero de mujeres con muestras de pap tomadas,2016-09-01,1,21,53,82,32,189
PORONGO,"anticoncepcion, prevencion de its y de cancer de cuello uterino",numero de mujeres con muestras de pap tomadas,2016-09-01,0,3,15,15,6,39
PORTACHUELO,"anticoncepcion, prevencion de its y de cancer de cuello uterino",numero de mujeres con muestras de pap tomadas,2016-09-01,0,0,16,5,2,23
PORVENIR,"anticoncepcion, prevencion de its y de cancer de cuello uterino",numero de mujeres con muestras de pap tomadas,2016-09-01,0,1,5,4,0,10
POSTRER VALLE,"anticoncepcion, prevencion de its y de cancer de cuello uterino",numero de mujeres con muestras de pap tomadas,2016-09-01,0,0,4,0,2,6
POTOSI,"anticoncepcion, prevencion de its y de cancer de cuello uterino",numero de mujeres con muestras de pap tomadas,2016-09-01,0,77,905,454,87,1523
PRESTO,"anticoncepcion, prevencion de its y de cancer de cuello uterino",numero de mujeres con muestras de pap tomadas,2016-09-01,1,46,87,84,23,241
PUCARA,"anticoncepcion, prevencion de its y de cancer de cuello uterino",numero de mujeres con muestras de pap tomadas,2016-09-01,0,0,1,1,0,2
PUCARANI,"anticoncepcion, prevencion de its y de cancer de cuello uterino",numero de mujeres con muestras de pap tomadas,2016-09-01,0,6,45,17,7,75
PUERTO ACOSTA,"anticoncepcion, prevencion de its y de cancer de cuello uterino",numero de mujeres con muestras de pap tomadas,2016-09-01,0,2,18,15,23,58
PUERTO CARABUCO,"anticoncepcion, prevencion de its y de cancer de cuello uterino",numero de mujeres con muestras de pap tomadas,2016-09-01,1,0,4,1,0,6
PUERTO GONZALO MORENO,"anticoncepcion, prevencion de its y de cancer de cuello uterino",numero de mujeres con muestras de pap tomadas,2016-09-01,1,4,6,2,0,13
PUERTO PEREZ,"anticoncepcion, prevencion de its y de cancer de cuello uterino",numero de mujeres con muestras de pap tomadas,2016-09-01,0,0,3,0,0,3
PUERTO QUIJARRO,"anticoncepcion, prevencion de its y de cancer de cuello uterino",numero de mujeres con muestras de pap tomadas,2016-09-01,0,27,60,22,5,114
PUERTO RICO,"anticoncepcion, prevencion de its y de cancer de cuello uterino",numero de mujeres con muestras de pap tomadas,2016-09-01,0,0,1,1,0,2
PUERTO SUAREZ,"anticoncepcion, prevencion de its y de cancer de cuello uterino",numero de mujeres con muestras de pap tomadas,2016-09-01,0,5,45,38,14,102
PUERTO VILLARROEL,"anticoncepcion, prevencion de its y de cancer de cuello uterino",numero de mujeres con muestras de pap tomadas,2016-09-01,1,37,111,38,11,198
PUNA,"anticoncepcion, prevencion de its y de cancer de cuello uterino",numero de mujeres con muestras de pap tomadas,2016-09-01,0,21,40,46,21,128
PUNATA,"anticoncepcion, prevencion de its y de cancer de cuello uterino",numero de mujeres con muestras de pap tomadas,2016-09-01,0,4,42,23,18,87
QUIABAYA,"anticoncepcion, prevencion de its y de cancer de cuello uterino",numero de mujeres con muestras de pap tomadas,2016-09-01,0,3,10,5,6,24
QUILLACOLLO,"anticoncepcion, prevencion de its y de cancer de cuello uterino",numero de mujeres con muestras de pap tomadas,2016-09-01,0,16,112,88,41,257
QUIME,"anticoncepcion, prevencion de its y de cancer de cuello uterino",numero de mujeres con muestras de pap tomadas,2016-09-01,0,0,7,0,0,7
QUIRUSILLAS,"anticoncepcion, prevencion de its y de cancer de cuello uterino",numero de mujeres con muestras de pap tomadas,2016-09-01,0,0,3,2,2,7
RAVELO,"anticoncepcion, prevencion de its y de cancer de cuello uterino",numero de mujeres con muestras de pap tomadas,2016-09-01,0,0,15,31,8,54
RIBERALTA,"anticoncepcion, prevencion de its y de cancer de cuello uterino",numero de mujeres con muestras de pap tomadas,2016-09-01,2,73,200,58,5,338
ROBORE,"anticoncepcion, prevencion de its y de cancer de cuello uterino",numero de mujeres con muestras de pap tomadas,2016-09-01,0,6,31,8,5,50
RURRENABAQUE,"anticoncepcion, prevencion de its y de cancer de cuello uterino",numero de mujeres con muestras de pap tomadas,2016-09-01,0,0,4,2,1,7
SABAYA,"anticoncepcion, prevencion de its y de cancer de cuello uterino",numero de mujeres con muestras de pap tomadas,2016-09-01,0,0,3,3,0,6
SACABA,"anticoncepcion, prevencion de its y de cancer de cuello uterino",numero de mujeres con muestras de pap tomadas,2016-09-01,0,48,303,162,67,580
SACABAMBA,"anticoncepcion, prevencion de its y de cancer de cuello uterino",numero de mujeres con muestras de pap tomadas,2016-09-01,0,0,3,3,0,6
SACACA,"anticoncepcion, prevencion de its y de cancer de cuello uterino",numero de mujeres con muestras de pap tomadas,2016-09-01,0,29,165,128,28,350
SAIPINA,"anticoncepcion, prevencion de its y de cancer de cuello uterino",numero de mujeres con muestras de pap tomadas,2016-09-01,0,1,10,9,1,21
SALINAS DE GARCI MENDOZA,"anticoncepcion, prevencion de its y de cancer de cuello uterino",numero de mujeres con muestras de pap tomadas,2016-09-01,0,3,22,15,4,44
SAMAIPATA,"anticoncepcion, prevencion de its y de cancer de cuello uterino",numero de mujeres con muestras de pap tomadas,2016-09-01,0,0,6,5,0,11
SAN ANDRES,"anticoncepcion, prevencion de its y de cancer de cuello uterino",numero de mujeres con muestras de pap tomadas,2016-09-01,0,4,13,5,0,22
SAN ANDRES DE MACHACA,"anticoncepcion, prevencion de its y de cancer de cuello uterino",numero de mujeres con muestras de pap tomadas,2016-09-01,0,0,4,4,5,13
SAN ANTONIO DE ESMORUCO,"anticoncepcion, prevencion de its y de cancer de cuello uterino",numero de mujeres con muestras de pap tomadas,2016-09-01,0,0,1,2,0,3
SAN ANTONIO DE LOMERIO,"anticoncepcion, prevencion de its y de cancer de cuello uterino",numero de mujeres con muestras de pap tomadas,2016-09-01,0,0,1,0,0,1
SAN BENITO,"anticoncepcion, prevencion de its y de cancer de cuello uterino",numero de mujeres con muestras de pap tomadas,2016-09-01,0,2,14,1,3,20
SAN BORJA,"anticoncepcion, prevencion de its y de cancer de cuello uterino",numero de mujeres con muestras de pap tomadas,2016-09-01,0,3,16,8,4,31
SAN BUENA VENTURA,"anticoncepcion, prevencion de its y de cancer de cuello uterino",numero de mujeres con muestras de pap tomadas,2016-09-01,0,2,16,8,3,29
SAN CARLOS,"anticoncepcion, prevencion de its y de cancer de cuello uterino",numero de mujeres con muestras de pap tomadas,2016-09-01,0,6,28,10,1,45
SAN IGNACIO,"anticoncepcion, prevencion de its y de cancer de cuello uterino",numero de mujeres con muestras de pap tomadas,2016-09-01,0,0,13,6,3,22
SAN IGNACIO DE VELASCO,"anticoncepcion, prevencion de its y de cancer de cuello uterino",numero de mujeres con muestras de pap tomadas,2016-09-01,1,18,63,21,0,103
SAN JAVIER(STC),"anticoncepcion, prevencion de its y de cancer de cuello uterino",numero de mujeres con muestras de pap tomadas,2016-09-01,1,1,23,6,2,33
SAN JOSE DE CHIQUITOS,"anticoncepcion, prevencion de its y de cancer de cuello uterino",numero de mujeres con muestras de pap tomadas,2016-09-01,0,2,10,5,1,18
SAN JUAN DE YAPACANI,"anticoncepcion, prevencion de its y de cancer de cuello uterino",numero de mujeres con muestras de pap tomadas,2016-09-01,0,1,17,15,3,36
SAN JULIAN,"anticoncepcion, prevencion de its y de cancer de cuello uterino",numero de mujeres con muestras de pap tomadas,2016-09-01,0,14,79,30,10,133
SAN LORENZO(PND),"anticoncepcion, prevencion de its y de cancer de cuello uterino",numero de mujeres con muestras de pap tomadas,2016-09-01,0,0,2,1,0,3
SAN LORENZO(TJA),"anticoncepcion, prevencion de its y de cancer de cuello uterino",numero de mujeres con muestras de pap tomadas,2016-09-01,1,10,58,62,35,166
SAN LUCAS,"anticoncepcion, prevencion de its y de cancer de cuello uterino",numero de mujeres con muestras de pap tomadas,2016-09-01,5,95,266,243,113,722
SAN MATIAS,"anticoncepcion, prevencion de its y de cancer de cuello uterino",numero de mujeres con muestras de pap tomadas,2016-09-01,0,1,1,0,1,3
SAN MIGUEL DE VELASCO,"anticoncepcion, prevencion de its y de cancer de cuello uterino",numero de mujeres con muestras de pap tomadas,2016-09-01,0,0,5,4,1,10
SAN PABLO DE LIPEZ,"anticoncepcion, prevencion de its y de cancer de cuello uterino",numero de mujeres con muestras de pap tomadas,2016-09-01,0,0,2,0,2,4
SAN PEDRO,"anticoncepcion, prevencion de its y de cancer de cuello uterino",numero de mujeres con muestras de pap tomadas,2016-09-01,0,4,41,46,9,100
SAN PEDRO DE BUENA VISTA,"anticoncepcion, prevencion de its y de cancer de cuello uterino",numero de mujeres con muestras de pap tomadas,2016-09-01,6,32,131,98,8,275
SAN PEDRO DE CURAHUARA,"anticoncepcion, prevencion de its y de cancer de cuello uterino",numero de mujeres con muestras de pap tomadas,2016-09-01,0,2,11,5,1,19
SAN PEDRO DE TIQUINA,"anticoncepcion, prevencion de its y de cancer de cuello uterino",numero de mujeres con muestras de pap tomadas,2016-09-01,0,3,4,1,1,9
SAN PEDRO(PND),"anticoncepcion, prevencion de its y de cancer de cuello uterino",numero de mujeres con muestras de pap tomadas,2016-09-01,2,3,3,1,0,9
SAN RAFAEL,"anticoncepcion, prevencion de its y de cancer de cuello uterino",numero de mujeres con muestras de pap tomadas,2016-09-01,0,0,7,2,1,10
SAN RAMON BENI,"anticoncepcion, prevencion de its y de cancer de cuello uterino",numero de mujeres con muestras de pap tomadas,2016-09-01,0,2,4,2,0,8
SAN RAMON SCZ,"anticoncepcion, prevencion de its y de cancer de cuello uterino",numero de mujeres con muestras de pap tomadas,2016-09-01,0,2,6,3,0,11
SANTA ANA,"anticoncepcion, prevencion de its y de cancer de cuello uterino",numero de mujeres con muestras de pap tomadas,2016-09-01,0,0,1,0,1,2
SANTA CRUZ DE LA SIERRA,"anticoncepcion, prevencion de its y de cancer de cuello uterino",numero de mujeres con muestras de pap tomadas,2016-09-01,21,399,2448,1340,472,4680
SANTA ROSA DEL SARA,"anticoncepcion, prevencion de its y de cancer de cuello uterino",numero de mujeres con muestras de pap tomadas,2016-09-01,0,3,28,20,5,56
SANTIAGO DE HUATA,"anticoncepcion, prevencion de its y de cancer de cuello uterino",numero de mujeres con muestras de pap tomadas,2016-09-01,0,0,3,7,3,13
SANTIAGO DE MACHACA,"anticoncepcion, prevencion de its y de cancer de cuello uterino",numero de mujeres con muestras de pap tomadas,2016-09-01,0,0,1,1,0,2
SANTIVAÑES,"anticoncepcion, prevencion de its y de cancer de cuello uterino",numero de mujeres con muestras de pap tomadas,2016-09-01,0,2,5,2,0,9
SANTUARIO DE QUILLACAS,"anticoncepcion, prevencion de its y de cancer de cuello uterino",numero de mujeres con muestras de pap tomadas,2016-09-01,0,0,4,0,0,4
SAPAHAQUI,"anticoncepcion, prevencion de its y de cancer de cuello uterino",numero de mujeres con muestras de pap tomadas,2016-09-01,0,0,0,1,0,1
SENA,"anticoncepcion, prevencion de its y de cancer de cuello uterino",numero de mujeres con muestras de pap tomadas,2016-09-01,0,2,6,4,0,12
SHINAOTA,"anticoncepcion, prevencion de its y de cancer de cuello uterino",numero de mujeres con muestras de pap tomadas,2016-09-01,1,7,18,4,0,30
SICA SICA (VILLA AROMA),"anticoncepcion, prevencion de its y de cancer de cuello uterino",numero de mujeres con muestras de pap tomadas,2016-09-01,0,3,12,12,4,31
SICAYA,"anticoncepcion, prevencion de its y de cancer de cuello uterino",numero de mujeres con muestras de pap tomadas,2016-09-01,0,5,10,9,0,24
SIPE SIPE,"anticoncepcion, prevencion de its y de cancer de cuello uterino",numero de mujeres con muestras de pap tomadas,2016-09-01,0,12,78,38,24,152
SOPACHUY,"anticoncepcion, prevencion de its y de cancer de cuello uterino",numero de mujeres con muestras de pap tomadas,2016-09-01,1,7,30,26,11,75
SORACACHI,"anticoncepcion, prevencion de its y de cancer de cuello uterino",numero de mujeres con muestras de pap tomadas,2016-09-01,0,0,24,14,3,41
SORATA,"anticoncepcion, prevencion de its y de cancer de cuello uterino",numero de mujeres con muestras de pap tomadas,2016-09-01,0,6,23,4,1,34
SUCRE,"anticoncepcion, prevencion de its y de cancer de cuello uterino",numero de mujeres con muestras de pap tomadas,2016-09-01,2,284,1931,1018,355,3590
TACACOMA,"anticoncepcion, prevencion de its y de cancer de cuello uterino",numero de mujeres con muestras de pap tomadas,2016-09-01,0,0,0,1,0,1
TACOBAMBA,"anticoncepcion, prevencion de its y de cancer de cuello uterino",numero de mujeres con muestras de pap tomadas,2016-09-01,0,1,5,8,4,18
TACOPAYA,"anticoncepcion, prevencion de its y de cancer de cuello uterino",numero de mujeres con muestras de pap tomadas,2016-09-01,0,0,4,7,4,15
TAHUA,"anticoncepcion, prevencion de its y de cancer de cuello uterino",numero de mujeres con muestras de pap tomadas,2016-09-01,0,0,4,2,4,10
TAPACARI,"anticoncepcion, prevencion de its y de cancer de cuello uterino",numero de mujeres con muestras de pap tomadas,2016-09-01,0,2,9,8,3,22
TARABUCO,"anticoncepcion, prevencion de its y de cancer de cuello uterino",numero de mujeres con muestras de pap tomadas,2016-09-01,3,30,116,73,53,275
TARACO,"anticoncepcion, prevencion de its y de cancer de cuello uterino",numero de mujeres con muestras de pap tomadas,2016-09-01,0,1,10,4,0,15
TARATA,"anticoncepcion, prevencion de its y de cancer de cuello uterino",numero de mujeres con muestras de pap tomadas,2016-09-01,0,2,7,2,2,13
TARIJA,"anticoncepcion, prevencion de its y de cancer de cuello uterino",numero de mujeres con muestras de pap tomadas,2016-09-01,1,87,446,264,133,931
TARVITA,"anticoncepcion, prevencion de its y de cancer de cuello uterino",numero de mujeres con muestras de pap tomadas,2016-09-01,1,23,73,88,40,225
TEOPONTE,"anticoncepcion, prevencion de its y de cancer de cuello uterino",numero de mujeres con muestras de pap tomadas,2016-09-01,0,11,42,18,6,77
TIAWANACU,"anticoncepcion, prevencion de its y de cancer de cuello uterino",numero de mujeres con muestras de pap tomadas,2016-09-01,0,3,3,8,1,15
TINGUIPAYA,"anticoncepcion, prevencion de its y de cancer de cuello uterino",numero de mujeres con muestras de pap tomadas,2016-09-01,0,3,23,15,10,51
TIPUANI,"anticoncepcion, prevencion de its y de cancer de cuello uterino",numero de mujeres con muestras de pap tomadas,2016-09-01,0,6,79,55,8,148
TIQUIPAYA,"anticoncepcion, prevencion de its y de cancer de cuello uterino",numero de mujeres con muestras de pap tomadas,2016-09-01,0,11,69,20,8,108
TIRAQUE (CBBA),"anticoncepcion, prevencion de its y de cancer de cuello uterino",numero de mujeres con muestras de pap tomadas,2016-09-01,0,8,18,11,5,42
TITO YUPANQUI (PARQUIPUJIO),"anticoncepcion, prevencion de its y de cancer de cuello uterino",numero de mujeres con muestras de pap tomadas,2016-09-01,0,0,0,2,0,2
TOCO,"anticoncepcion, prevencion de its y de cancer de cuello uterino",numero de mujeres con muestras de pap tomadas,2016-09-01,0,1,6,6,0,13
TOLATA,"anticoncepcion, prevencion de its y de cancer de cuello uterino",numero de mujeres con muestras de pap tomadas,2016-09-01,0,3,10,2,0,15
TOLEDO,"anticoncepcion, prevencion de its y de cancer de cuello uterino",numero de mujeres con muestras de pap tomadas,2016-09-01,0,0,1,2,1,4
TOMAVE,"anticoncepcion, prevencion de its y de cancer de cuello uterino",numero de mujeres con muestras de pap tomadas,2016-09-01,0,6,30,28,10,74
TOMINA,"anticoncepcion, prevencion de its y de cancer de cuello uterino",numero de mujeres con muestras de pap tomadas,2016-09-01,2,15,20,9,4,50
TORO TORO,"anticoncepcion, prevencion de its y de cancer de cuello uterino",numero de mujeres con muestras de pap tomadas,2016-09-01,0,17,28,23,14,82
TOTORA(CBBA),"anticoncepcion, prevencion de its y de cancer de cuello uterino",numero de mujeres con muestras de pap tomadas,2016-09-01,0,0,2,5,1,8
TOTORA(ORR),"anticoncepcion, prevencion de its y de cancer de cuello uterino",numero de mujeres con muestras de pap tomadas,2016-09-01,0,1,5,2,0,8
TRIGAL,"anticoncepcion, prevencion de its y de cancer de cuello uterino",numero de mujeres con muestras de pap tomadas,2016-09-01,0,0,1,0,0,1
TRINIDAD,"anticoncepcion, prevencion de its y de cancer de cuello uterino",numero de mujeres con muestras de pap tomadas,2016-09-01,3,50,309,170,49,581
TUPIZA,"anticoncepcion, prevencion de its y de cancer de cuello uterino",numero de mujeres con muestras de pap tomadas,2016-09-01,0,13,95,45,27,180
TURCO,"anticoncepcion, prevencion de its y de cancer de cuello uterino",numero de mujeres con muestras de pap tomadas,2016-09-01,0,0,1,1,0,2
UMALA,"anticoncepcion, prevencion de its y de cancer de cuello uterino",numero de mujeres con muestras de pap tomadas,2016-09-01,0,0,7,2,1,10
UNCIA,"anticoncepcion, prevencion de its y de cancer de cuello uterino",numero de mujeres con muestras de pap tomadas,2016-09-01,0,1,20,23,21,65
URIONDO (A. CONCEPCION),"anticoncepcion, prevencion de its y de cancer de cuello uterino",numero de mujeres con muestras de pap tomadas,2016-09-01,0,11,47,38,21,117
URUBICHA,"anticoncepcion, prevencion de its y de cancer de cuello uterino",numero de mujeres con muestras de pap tomadas,2016-09-01,0,3,5,0,0,8
UYUNI,"anticoncepcion, prevencion de its y de cancer de cuello uterino",numero de mujeres con muestras de pap tomadas,2016-09-01,0,4,53,39,13,109
VACAS,"anticoncepcion, prevencion de its y de cancer de cuello uterino",numero de mujeres con muestras de pap tomadas,2016-09-01,0,2,4,6,0,12
VALLEGRANDE,"anticoncepcion, prevencion de its y de cancer de cuello uterino",numero de mujeres con muestras de pap tomadas,2016-09-01,0,6,38,36,14,94
VIACHA,"anticoncepcion, prevencion de its y de cancer de cuello uterino",numero de mujeres con muestras de pap tomadas,2016-09-01,1,16,87,56,36,196
VILLA CHARCAS,"anticoncepcion, prevencion de its y de cancer de cuello uterino",numero de mujeres con muestras de pap tomadas,2016-09-01,1,35,158,143,65,402
VILLA MONTES,"anticoncepcion, prevencion de its y de cancer de cuello uterino",numero de mujeres con muestras de pap tomadas,2016-09-01,1,22,113,72,20,228
VILLA RIVERO,"anticoncepcion, prevencion de its y de cancer de cuello uterino",numero de mujeres con muestras de pap tomadas,2016-09-01,0,3,12,5,2,22
VILLA SERRANO,"anticoncepcion, prevencion de its y de cancer de cuello uterino",numero de mujeres con muestras de pap tomadas,2016-09-01,1,7,50,48,35,141
VILLA TUNARI,"anticoncepcion, prevencion de its y de cancer de cuello uterino",numero de mujeres con muestras de pap tomadas,2016-09-01,1,14,96,99,14,224
VILLA VACA GUZMAN (MUYUPAMPA),"anticoncepcion, prevencion de its y de cancer de cuello uterino",numero de mujeres con muestras de pap tomadas,2016-09-01,0,3,9,9,5,26
VILLAZON,"anticoncepcion, prevencion de its y de cancer de cuello uterino",numero de mujeres con muestras de pap tomadas,2016-09-01,1,22,141,60,17,241
VINTO,"anticoncepcion, prevencion de its y de cancer de cuello uterino",numero de mujeres con muestras de pap tomadas,2016-09-01,0,8,22,21,9,60
VITICHI,"anticoncepcion, prevencion de its y de cancer de cuello uterino",numero de mujeres con muestras de pap tomadas,2016-09-01,0,8,64,61,29,162
WALDO BALLIVIAN,"anticoncepcion, prevencion de its y de cancer de cuello uterino",numero de mujeres con muestras de pap tomadas,2016-09-01,0,0,1,0,0,1
WARNES,"anticoncepcion, prevencion de its y de cancer de cuello uterino",numero de mujeres con muestras de pap tomadas,2016-09-01,1,32,145,71,14,263
YACO,"anticoncepcion, prevencion de its y de cancer de cuello uterino",numero de mujeres con muestras de pap tomadas,2016-09-01,0,0,4,15,0,19
YACUIBA,"anticoncepcion, prevencion de its y de cancer de cuello uterino",numero de mujeres con muestras de pap tomadas,2016-09-01,0,30,266,218,102,616
YAMPARAEZ,"anticoncepcion, prevencion de its y de cancer de cuello uterino",numero de mujeres con muestras de pap tomadas,2016-09-01,0,4,50,39,47,140
YANACACHI,"anticoncepcion, prevencion de its y de cancer de cuello uterino",numero de mujeres con muestras de pap tomadas,2016-09-01,0,4,31,26,13,74
YAPACANI,"anticoncepcion, prevencion de its y de cancer de cuello uterino",numero de mujeres con muestras de pap tomadas,2016-09-01,0,22,78,39,19,158
YOCALLA,"anticoncepcion, prevencion de its y de cancer de cuello uterino",numero de mujeres con muestras de pap tomadas,2016-09-01,0,0,15,6,7,28
YOTALA,"anticoncepcion, prevencion de its y de cancer de cuello uterino",numero de mujeres con muestras de pap tomadas,2016-09-01,0,6,13,14,19,52
YUNCHARA,"anticoncepcion, prevencion de its y de cancer de cuello uterino",numero de mujeres con muestras de pap tomadas,2016-09-01,0,1,13,12,3,29
ZUDAÑEZ,"anticoncepcion, prevencion de its y de cancer de cuello uterino",numero de mujeres con muestras de pap tomadas,2016-09-01,0,24,81,73,35,213
ACACIO,"anticoncepcion, prevencion de its y de cancer de cuello uterino",numero de mujeres con muestras de pap tomadas,2016-10-01,0,3,13,17,10,43
ACHACACHI,"anticoncepcion, prevencion de its y de cancer de cuello uterino",numero de mujeres con muestras de pap tomadas,2016-10-01,0,5,40,13,4,62
ACHOCALLA,"anticoncepcion, prevencion de its y de cancer de cuello uterino",numero de mujeres con muestras de pap tomadas,2016-10-01,0,9,30,8,3,50
AIQUILE,"anticoncepcion, prevencion de its y de cancer de cuello uterino",numero de mujeres con muestras de pap tomadas,2016-10-01,0,5,31,31,12,79
ALALAY,"anticoncepcion, prevencion de its y de cancer de cuello uterino",numero de mujeres con muestras de pap tomadas,2016-10-01,0,0,0,2,0,2
ALCALA,"anticoncepcion, prevencion de its y de cancer de cuello uterino",numero de mujeres con muestras de pap tomadas,2016-10-01,0,4,34,52,30,120
ALTO BENI,"anticoncepcion, prevencion de its y de cancer de cuello uterino",numero de mujeres con muestras de pap tomadas,2016-10-01,0,2,5,4,5,16
ANCORAIMES,"anticoncepcion, prevencion de its y de cancer de cuello uterino",numero de mujeres con muestras de pap tomadas,2016-10-01,0,1,5,1,3,10
ANDAMARCA,"anticoncepcion, prevencion de its y de cancer de cuello uterino",numero de mujeres con muestras de pap tomadas,2016-10-01,0,2,4,6,0,12
ANTEQUERA,"anticoncepcion, prevencion de its y de cancer de cuello uterino",numero de mujeres con muestras de pap tomadas,2016-10-01,0,1,2,1,0,4
ANZALDO,"anticoncepcion, prevencion de its y de cancer de cuello uterino",numero de mujeres con muestras de pap tomadas,2016-10-01,0,0,4,0,2,6
APOLO,"anticoncepcion, prevencion de its y de cancer de cuello uterino",numero de mujeres con muestras de pap tomadas,2016-10-01,0,4,10,11,4,29
ARAMPAMPA,"anticoncepcion, prevencion de its y de cancer de cuello uterino",numero de mujeres con muestras de pap tomadas,2016-10-01,0,1,7,5,1,14
ARANI,"anticoncepcion, prevencion de its y de cancer de cuello uterino",numero de mujeres con muestras de pap tomadas,2016-10-01,0,4,21,6,0,31
ARBIETO,"anticoncepcion, prevencion de its y de cancer de cuello uterino",numero de mujeres con muestras de pap tomadas,2016-10-01,1,15,67,19,3,105
ARQUE,"anticoncepcion, prevencion de its y de cancer de cuello uterino",numero de mujeres con muestras de pap tomadas,2016-10-01,0,1,8,4,0,13
ASCENCION DE GUARAYOS,"anticoncepcion, prevencion de its y de cancer de cuello uterino",numero de mujeres con muestras de pap tomadas,2016-10-01,1,15,63,39,15,133
ATOCHA,"anticoncepcion, prevencion de its y de cancer de cuello uterino",numero de mujeres con muestras de pap tomadas,2016-10-01,0,2,23,15,3,43
AUCAPATA,"anticoncepcion, prevencion de its y de cancer de cuello uterino",numero de mujeres con muestras de pap tomadas,2016-10-01,0,0,5,8,2,15
AYATA,"anticoncepcion, prevencion de its y de cancer de cuello uterino",numero de mujeres con muestras de pap tomadas,2016-10-01,0,0,5,2,1,8
AYO AYO,"anticoncepcion, prevencion de its y de cancer de cuello uterino",numero de mujeres con muestras de pap tomadas,2016-10-01,0,2,1,1,0,4
AYOPAYA (V. DE INDEPENDENCIA),"anticoncepcion, prevencion de its y de cancer de cuello uterino",numero de mujeres con muestras de pap tomadas,2016-10-01,0,0,7,3,0,10
AZURDUY,"anticoncepcion, prevencion de its y de cancer de cuello uterino",numero de mujeres con muestras de pap tomadas,2016-10-01,0,4,17,21,6,48
BATALLAS,"anticoncepcion, prevencion de its y de cancer de cuello uterino",numero de mujeres con muestras de pap tomadas,2016-10-01,0,1,15,7,9,32
BAURES,"anticoncepcion, prevencion de its y de cancer de cuello uterino",numero de mujeres con muestras de pap tomadas,2016-10-01,0,0,2,3,1,6
BELEN DE ANDAMARCA,"anticoncepcion, prevencion de its y de cancer de cuello uterino",numero de mujeres con muestras de pap tomadas,2016-10-01,0,0,1,3,0,4
BELLA FLOR,"anticoncepcion, prevencion de its y de cancer de cuello uterino",numero de mujeres con muestras de pap tomadas,2016-10-01,0,1,3,1,0,5
BERMEJO,"anticoncepcion, prevencion de its y de cancer de cuello uterino",numero de mujeres con muestras de pap tomadas,2016-10-01,0,3,77,37,18,135
BETANZOS,"anticoncepcion, prevencion de its y de cancer de cuello uterino",numero de mujeres con muestras de pap tomadas,2016-10-01,0,12,64,73,21,170
BOLIVAR,"anticoncepcion, prevencion de its y de cancer de cuello uterino",numero de mujeres con muestras de pap tomadas,2016-10-01,0,2,1,6,3,12
BOLPEBRA,"anticoncepcion, prevencion de its y de cancer de cuello uterino",numero de mujeres con muestras de pap tomadas,2016-10-01,0,1,7,2,1,11
BOYUIBE,"anticoncepcion, prevencion de its y de cancer de cuello uterino",numero de mujeres con muestras de pap tomadas,2016-10-01,0,0,3,14,5,22
BUENA VISTA,"anticoncepcion, prevencion de its y de cancer de cuello uterino",numero de mujeres con muestras de pap tomadas,2016-10-01,3,3,23,6,1,36
CABEZAS,"anticoncepcion, prevencion de its y de cancer de cuello uterino",numero de mujeres con muestras de pap tomadas,2016-10-01,0,2,18,6,0,26
CAIROMA,"anticoncepcion, prevencion de its y de cancer de cuello uterino",numero de mujeres con muestras de pap tomadas,2016-10-01,0,0,5,2,1,8
"CAIZA ""D""","anticoncepcion, prevencion de its y de cancer de cuello uterino",numero de mujeres con muestras de pap tomadas,2016-10-01,0,2,13,8,1,24
CAJUATA,"anticoncepcion, prevencion de its y de cancer de cuello uterino",numero de mujeres con muestras de pap tomadas,2016-10-01,0,2,15,4,1,22
CALACOTO,"anticoncepcion, prevencion de its y de cancer de cuello uterino",numero de mujeres con muestras de pap tomadas,2016-10-01,0,2,2,5,0,9
CALAMARCA,"anticoncepcion, prevencion de its y de cancer de cuello uterino",numero de mujeres con muestras de pap tomadas,2016-10-01,0,2,24,4,6,36
CAMARGO,"anticoncepcion, prevencion de its y de cancer de cuello uterino",numero de mujeres con muestras de pap tomadas,2016-10-01,2,38,117,127,53,337
CAMATAQUI (C. VILLA ABECIA),"anticoncepcion, prevencion de its y de cancer de cuello uterino",numero de mujeres con muestras de pap tomadas,2016-10-01,0,3,13,16,8,40
CAMIRI,"anticoncepcion, prevencion de its y de cancer de cuello uterino",numero de mujeres con muestras de pap tomadas,2016-10-01,0,0,25,13,3,41
CAPINOTA,"anticoncepcion, prevencion de its y de cancer de cuello uterino",numero de mujeres con muestras de pap tomadas,2016-10-01,1,11,39,24,3,78
CAQUIAVIRI,"anticoncepcion, prevencion de its y de cancer de cuello uterino",numero de mujeres con muestras de pap tomadas,2016-10-01,0,0,2,6,0,8
CARACOLLO,"anticoncepcion, prevencion de its y de cancer de cuello uterino",numero de mujeres con muestras de pap tomadas,2016-10-01,0,1,9,7,1,18
CARANAVI,"anticoncepcion, prevencion de its y de cancer de cuello uterino",numero de mujeres con muestras de pap tomadas,2016-10-01,1,21,131,50,25,228
CARANGAS,"anticoncepcion, prevencion de its y de cancer de cuello uterino",numero de mujeres con muestras de pap tomadas,2016-10-01,0,0,2,2,0,4
CARAPARI,"anticoncepcion, prevencion de its y de cancer de cuello uterino",numero de mujeres con muestras de pap tomadas,2016-10-01,0,3,11,12,11,37
CARIPUYO,"anticoncepcion, prevencion de its y de cancer de cuello uterino",numero de mujeres con muestras de pap tomadas,2016-10-01,0,3,21,16,0,40
CARMEN RIVERO TORREZ,"anticoncepcion, prevencion de its y de cancer de cuello uterino",numero de mujeres con muestras de pap tomadas,2016-10-01,0,1,8,1,0,10
CATACORA,"anticoncepcion, prevencion de its y de cancer de cuello uterino",numero de mujeres con muestras de pap tomadas,2016-10-01,0,0,2,2,3,7
CHALLAPATA,"anticoncepcion, prevencion de its y de cancer de cuello uterino",numero de mujeres con muestras de pap tomadas,2016-10-01,0,1,20,16,3,40
CHAQUI,"anticoncepcion, prevencion de its y de cancer de cuello uterino",numero de mujeres con muestras de pap tomadas,2016-10-01,0,0,10,8,3,21
CHARAGUA,"anticoncepcion, prevencion de its y de cancer de cuello uterino",numero de mujeres con muestras de pap tomadas,2016-10-01,0,2,12,12,5,31
CHARAÑA,"anticoncepcion, prevencion de its y de cancer de cuello uterino",numero de mujeres con muestras de pap tomadas,2016-10-01,0,0,1,0,0,1
CHAYANTA,"anticoncepcion, prevencion de its y de cancer de cuello uterino",numero de mujeres con muestras de pap tomadas,2016-10-01,0,1,5,1,1,8
CHIMORE,"anticoncepcion, prevencion de its y de cancer de cuello uterino",numero de mujeres con muestras de pap tomadas,2016-10-01,0,3,10,4,0,17
CHIPAYA,"anticoncepcion, prevencion de its y de cancer de cuello uterino",numero de mujeres con muestras de pap tomadas,2016-10-01,0,0,3,2,2,7
CHOQUE COTA,"anticoncepcion, prevencion de its y de cancer de cuello uterino",numero de mujeres con muestras de pap tomadas,2016-10-01,1,0,1,0,0,2
CHUA COCANI,"anticoncepcion, prevencion de its y de cancer de cuello uterino",numero de mujeres con muestras de pap tomadas,2016-10-01,0,0,5,1,0,6
CHULUMANI (V. DE LA LIBERTAD),"anticoncepcion, prevencion de its y de cancer de cuello uterino",numero de mujeres con muestras de pap tomadas,2016-10-01,0,7,24,10,8,49
CHUMA,"anticoncepcion, prevencion de its y de cancer de cuello uterino",numero de mujeres con muestras de pap tomadas,2016-10-01,0,3,13,16,2,34
CHUQUIHUTA AYLLU JUCUMANI,"anticoncepcion, prevencion de its y de cancer de cuello uterino",numero de mujeres con muestras de pap tomadas,2016-10-01,0,1,4,4,1,10
CKOCHAS,"anticoncepcion, prevencion de its y de cancer de cuello uterino",numero de mujeres con muestras de pap tomadas,2016-10-01,0,6,49,42,11,108
CLIZA,"anticoncepcion, prevencion de its y de cancer de cuello uterino",numero de mujeres con muestras de pap tomadas,2016-10-01,1,9,17,9,3,39
COBIJA,"anticoncepcion, prevencion de its y de cancer de cuello uterino",numero de mujeres con muestras de pap tomadas,2016-10-01,1,19,119,52,15,206
COCAPATA,"anticoncepcion, prevencion de its y de cancer de cuello uterino",numero de mujeres con muestras de pap tomadas,2016-10-01,0,3,11,2,2,18
COCHABAMBA,"anticoncepcion, prevencion de its y de cancer de cuello uterino",numero de mujeres con muestras de pap tomadas,2016-10-01,0,90,1445,1467,540,3542
COIPASA,"anticoncepcion, prevencion de its y de cancer de cuello uterino",numero de mujeres con muestras de pap tomadas,2016-10-01,0,0,4,0,0,4
COLCAPIRHUA,"anticoncepcion, prevencion de its y de cancer de cuello uterino",numero de mujeres con muestras de pap tomadas,2016-10-01,0,7,62,21,12,102
"COLCHA ""K""","anticoncepcion, prevencion de its y de cancer de cuello uterino",numero de mujeres con muestras de pap tomadas,2016-10-01,1,2,35,13,3,54
COLLANA,"anticoncepcion, prevencion de its y de cancer de cuello uterino",numero de mujeres con muestras de pap tomadas,2016-10-01,0,0,1,0,0,1
COLOMI,"anticoncepcion, prevencion de its y de cancer de cuello uterino",numero de mujeres con muestras de pap tomadas,2016-10-01,0,9,32,16,2,59
COLPA BELGICA,"anticoncepcion, prevencion de its y de cancer de cuello uterino",numero de mujeres con muestras de pap tomadas,2016-10-01,0,1,7,0,0,8
COLQUECHACA,"anticoncepcion, prevencion de its y de cancer de cuello uterino",numero de mujeres con muestras de pap tomadas,2016-10-01,0,7,21,20,1,49
COLQUENCHA,"anticoncepcion, prevencion de its y de cancer de cuello uterino",numero de mujeres con muestras de pap tomadas,2016-10-01,0,2,16,10,7,35
COLQUIRI,"anticoncepcion, prevencion de its y de cancer de cuello uterino",numero de mujeres con muestras de pap tomadas,2016-10-01,0,2,7,1,0,10
COMARAPA,"anticoncepcion, prevencion de its y de cancer de cuello uterino",numero de mujeres con muestras de pap tomadas,2016-10-01,0,5,28,14,3,50
COMBAYA,"anticoncepcion, prevencion de its y de cancer de cuello uterino",numero de mujeres con muestras de pap tomadas,2016-10-01,0,0,1,1,0,2
CONCEPCION,"anticoncepcion, prevencion de its y de cancer de cuello uterino",numero de mujeres con muestras de pap tomadas,2016-10-01,1,12,23,21,4,61
COPACABANA,"anticoncepcion, prevencion de its y de cancer de cuello uterino",numero de mujeres con muestras de pap tomadas,2016-10-01,0,1,4,3,0,8
CORIPATA,"anticoncepcion, prevencion de its y de cancer de cuello uterino",numero de mujeres con muestras de pap tomadas,2016-10-01,0,11,32,13,3,59
CORO CORO,"anticoncepcion, prevencion de its y de cancer de cuello uterino",numero de mujeres con muestras de pap tomadas,2016-10-01,0,1,0,1,1,3
COROICO,"anticoncepcion, prevencion de its y de cancer de cuello uterino",numero de mujeres con muestras de pap tomadas,2016-10-01,0,4,23,16,5,48
CORQUE,"anticoncepcion, prevencion de its y de cancer de cuello uterino",numero de mujeres con muestras de pap tomadas,2016-10-01,0,0,3,2,1,6
COTAGAITA,"anticoncepcion, prevencion de its y de cancer de cuello uterino",numero de mujeres con muestras de pap tomadas,2016-10-01,0,9,109,116,33,267
COTOCA,"anticoncepcion, prevencion de its y de cancer de cuello uterino",numero de mujeres con muestras de pap tomadas,2016-10-01,0,29,113,44,8,194
CRUZ DE MACHACAMARCA,"anticoncepcion, prevencion de its y de cancer de cuello uterino",numero de mujeres con muestras de pap tomadas,2016-10-01,0,0,1,0,0,1
CUATRO CAÑADAS,"anticoncepcion, prevencion de its y de cancer de cuello uterino",numero de mujeres con muestras de pap tomadas,2016-10-01,0,2,34,12,1,49
CUEVO,"anticoncepcion, prevencion de its y de cancer de cuello uterino",numero de mujeres con muestras de pap tomadas,2016-10-01,0,1,9,10,2,22
CULPINA,"anticoncepcion, prevencion de its y de cancer de cuello uterino",numero de mujeres con muestras de pap tomadas,2016-10-01,0,16,46,32,5,99
CURAHUARA DE CARANGAS,"anticoncepcion, prevencion de its y de cancer de cuello uterino",numero de mujeres con muestras de pap tomadas,2016-10-01,0,0,1,1,1,3
CURVA,"anticoncepcion, prevencion de its y de cancer de cuello uterino",numero de mujeres con muestras de pap tomadas,2016-10-01,0,0,1,0,0,1
DESAGUADERO,"anticoncepcion, prevencion de its y de cancer de cuello uterino",numero de mujeres con muestras de pap tomadas,2016-10-01,0,0,2,1,1,4
EL ALTO,"anticoncepcion, prevencion de its y de cancer de cuello uterino",numero de mujeres con muestras de pap tomadas,2016-10-01,0,126,1535,1218,332,3211
EL CHORO,"anticoncepcion, prevencion de its y de cancer de cuello uterino",numero de mujeres con muestras de pap tomadas,2016-10-01,0,0,3,1,2,6
EL PUENTE(STC),"anticoncepcion, prevencion de its y de cancer de cuello uterino",numero de mujeres con muestras de pap tomadas,2016-10-01,0,1,14,10,3,28
EL PUENTE(TJA),"anticoncepcion, prevencion de its y de cancer de cuello uterino",numero de mujeres con muestras de pap tomadas,2016-10-01,0,1,8,10,6,25
EL TORNO,"anticoncepcion, prevencion de its y de cancer de cuello uterino",numero de mujeres con muestras de pap tomadas,2016-10-01,0,33,192,131,32,388
EL VILLAR,"anticoncepcion, prevencion de its y de cancer de cuello uterino",numero de mujeres con muestras de pap tomadas,2016-10-01,0,0,4,9,6,19
ENTRE RIOS TRJ,"anticoncepcion, prevencion de its y de cancer de cuello uterino",numero de mujeres con muestras de pap tomadas,2016-10-01,0,11,45,29,15,100
ENTRE RIOS CBBA,"anticoncepcion, prevencion de its y de cancer de cuello uterino",numero de mujeres con muestras de pap tomadas,2016-10-01,0,0,5,0,2,7
ESCOMA,"anticoncepcion, prevencion de its y de cancer de cuello uterino",numero de mujeres con muestras de pap tomadas,2016-10-01,0,2,9,4,1,16
EUCALIPTUS,"anticoncepcion, prevencion de its y de cancer de cuello uterino",numero de mujeres con muestras de pap tomadas,2016-10-01,0,1,4,4,1,10
FERNANDEZ ALONSO,"anticoncepcion, prevencion de its y de cancer de cuello uterino",numero de mujeres con muestras de pap tomadas,2016-10-01,0,1,10,13,1,25
FILADELFIA,"anticoncepcion, prevencion de its y de cancer de cuello uterino",numero de mujeres con muestras de pap tomadas,2016-10-01,0,2,9,4,0,15
GENERAL SAAVEDRA,"anticoncepcion, prevencion de its y de cancer de cuello uterino",numero de mujeres con muestras de pap tomadas,2016-10-01,0,0,2,6,2,10
GRAL. J.J. PEREZ (CHARAZANI),"anticoncepcion, prevencion de its y de cancer de cuello uterino",numero de mujeres con muestras de pap tomadas,2016-10-01,0,1,14,5,2,22
GUANAY,"anticoncepcion, prevencion de its y de cancer de cuello uterino",numero de mujeres con muestras de pap tomadas,2016-10-01,0,5,12,4,0,21
GUAQUI,"anticoncepcion, prevencion de its y de cancer de cuello uterino",numero de mujeres con muestras de pap tomadas,2016-10-01,0,3,7,7,0,17
GUAYARAMERIN,"anticoncepcion, prevencion de its y de cancer de cuello uterino",numero de mujeres con muestras de pap tomadas,2016-10-01,0,10,54,22,6,92
GUTIERREZ,"anticoncepcion, prevencion de its y de cancer de cuello uterino",numero de mujeres con muestras de pap tomadas,2016-10-01,0,3,12,6,1,22
HUACARETA,"anticoncepcion, prevencion de its y de cancer de cuello uterino",numero de mujeres con muestras de pap tomadas,2016-10-01,0,5,46,22,12,85
HUACAYA (VILLA DE HUACAYA),"anticoncepcion, prevencion de its y de cancer de cuello uterino",numero de mujeres con muestras de pap tomadas,2016-10-01,0,0,8,6,5,19
HUACHACALLA,"anticoncepcion, prevencion de its y de cancer de cuello uterino",numero de mujeres con muestras de pap tomadas,2016-10-01,0,2,5,0,0,7
HUANUNI,"anticoncepcion, prevencion de its y de cancer de cuello uterino",numero de mujeres con muestras de pap tomadas,2016-10-01,0,5,31,6,7,49
HUARACAJE,"anticoncepcion, prevencion de its y de cancer de cuello uterino",numero de mujeres con muestras de pap tomadas,2016-10-01,0,0,6,3,0,9
HUARINA,"anticoncepcion, prevencion de its y de cancer de cuello uterino",numero de mujeres con muestras de pap tomadas,2016-10-01,0,0,1,0,0,1
HUATAJATA,"anticoncepcion, prevencion de its y de cancer de cuello uterino",numero de mujeres con muestras de pap tomadas,2016-10-01,0,0,0,1,1,2
HUAYLLAMARCA,"anticoncepcion, prevencion de its y de cancer de cuello uterino",numero de mujeres con muestras de pap tomadas,2016-10-01,0,3,12,11,1,27
HUMANATA,"anticoncepcion, prevencion de its y de cancer de cuello uterino",numero de mujeres con muestras de pap tomadas,2016-10-01,0,0,0,2,0,2
ICHOCA,"anticoncepcion, prevencion de its y de cancer de cuello uterino",numero de mujeres con muestras de pap tomadas,2016-10-01,0,0,2,1,0,3
ICLA,"anticoncepcion, prevencion de its y de cancer de cuello uterino",numero de mujeres con muestras de pap tomadas,2016-10-01,0,4,7,9,4,24
INCAHUASI,"anticoncepcion, prevencion de its y de cancer de cuello uterino",numero de mujeres con muestras de pap tomadas,2016-10-01,0,13,67,46,18,144
INQUISIVI,"anticoncepcion, prevencion de its y de cancer de cuello uterino",numero de mujeres con muestras de pap tomadas,2016-10-01,0,0,3,1,1,5
IRUPANA (VILLA DE LANZA),"anticoncepcion, prevencion de its y de cancer de cuello uterino",numero de mujeres con muestras de pap tomadas,2016-10-01,0,0,29,18,6,53
JESUS DE MACHACA,"anticoncepcion, prevencion de its y de cancer de cuello uterino",numero de mujeres con muestras de pap tomadas,2016-10-01,0,3,7,7,3,20
LA ASUNTA,"anticoncepcion, prevencion de its y de cancer de cuello uterino",numero de mujeres con muestras de pap tomadas,2016-10-01,0,5,39,20,10,74
LA GUARDIA,"anticoncepcion, prevencion de its y de cancer de cuello uterino",numero de mujeres con muestras de pap tomadas,2016-10-01,2,62,360,118,45,587
LA PAZ,"anticoncepcion, prevencion de its y de cancer de cuello uterino",numero de mujeres con muestras de pap tomadas,2016-10-01,4,165,1714,1259,719,3861
LA RIVERA,"anticoncepcion, prevencion de its y de cancer de cuello uterino",numero de mujeres con muestras de pap tomadas,2016-10-01,0,0,2,1,0,3
LAJA,"anticoncepcion, prevencion de its y de cancer de cuello uterino",numero de mujeres con muestras de pap tomadas,2016-10-01,0,0,12,7,2,21
LAS CARRERAS,"anticoncepcion, prevencion de its y de cancer de cuello uterino",numero de mujeres con muestras de pap tomadas,2016-10-01,0,1,1,1,1,4
LICOMA PAMPA,"anticoncepcion, prevencion de its y de cancer de cuello uterino",numero de mujeres con muestras de pap tomadas,2016-10-01,0,1,2,2,0,5
LLALLAGUA,"anticoncepcion, prevencion de its y de cancer de cuello uterino",numero de mujeres con muestras de pap tomadas,2016-10-01,0,0,24,13,1,38
LLICA,"anticoncepcion, prevencion de its y de cancer de cuello uterino",numero de mujeres con muestras de pap tomadas,2016-10-01,0,2,1,2,0,5
LORETO,"anticoncepcion, prevencion de its y de cancer de cuello uterino",numero de mujeres con muestras de pap tomadas,2016-10-01,0,1,4,0,0,5
LURIBAY,"anticoncepcion, prevencion de its y de cancer de cuello uterino",numero de mujeres con muestras de pap tomadas,2016-10-01,0,0,3,4,1,8
MACHACAMARCA,"anticoncepcion, prevencion de its y de cancer de cuello uterino",numero de mujeres con muestras de pap tomadas,2016-10-01,0,1,2,3,3,9
MACHARETI,"anticoncepcion, prevencion de its y de cancer de cuello uterino",numero de mujeres con muestras de pap tomadas,2016-10-01,0,5,12,6,3,26
MAGDALENA,"anticoncepcion, prevencion de its y de cancer de cuello uterino",numero de mujeres con muestras de pap tomadas,2016-10-01,0,0,3,0,0,3
MAIRANA,"anticoncepcion, prevencion de its y de cancer de cuello uterino",numero de mujeres con muestras de pap tomadas,2016-10-01,0,2,60,55,10,127
MAPIRI,"anticoncepcion, prevencion de its y de cancer de cuello uterino",numero de mujeres con muestras de pap tomadas,2016-10-01,0,8,40,44,5,97
MECAPACA,"anticoncepcion, prevencion de its y de cancer de cuello uterino",numero de mujeres con muestras de pap tomadas,2016-10-01,0,3,10,6,3,22
MINEROS,"anticoncepcion, prevencion de its y de cancer de cuello uterino",numero de mujeres con muestras de pap tomadas,2016-10-01,0,13,42,11,2,68
MIZQUE,"anticoncepcion, prevencion de its y de cancer de cuello uterino",numero de mujeres con muestras de pap tomadas,2016-10-01,0,3,11,6,3,23
MOCOMOCO,"anticoncepcion, prevencion de its y de cancer de cuello uterino",numero de mujeres con muestras de pap tomadas,2016-10-01,0,1,5,6,0,12
MOJINETE,"anticoncepcion, prevencion de its y de cancer de cuello uterino",numero de mujeres con muestras de pap tomadas,2016-10-01,0,0,1,3,4,8
MOJOCOYA,"anticoncepcion, prevencion de its y de cancer de cuello uterino",numero de mujeres con muestras de pap tomadas,2016-10-01,0,3,9,26,11,49
MONTEAGUDO,"anticoncepcion, prevencion de its y de cancer de cuello uterino",numero de mujeres con muestras de pap tomadas,2016-10-01,0,20,100,86,87,293
MONTERO,"anticoncepcion, prevencion de its y de cancer de cuello uterino",numero de mujeres con muestras de pap tomadas,2016-10-01,5,37,248,92,25,407
MORO MORO,"anticoncepcion, prevencion de its y de cancer de cuello uterino",numero de mujeres con muestras de pap tomadas,2016-10-01,0,2,5,5,0,12
MOROCHATA,"anticoncepcion, prevencion de its y de cancer de cuello uterino",numero de mujeres con muestras de pap tomadas,2016-10-01,0,0,0,1,0,1
NACEBE (SANTA ROSA DEL ABUNA),"anticoncepcion, prevencion de its y de cancer de cuello uterino",numero de mujeres con muestras de pap tomadas,2016-10-01,0,0,3,1,0,4
NAZACARA DE PACAJES,"anticoncepcion, prevencion de its y de cancer de cuello uterino",numero de mujeres con muestras de pap tomadas,2016-10-01,0,3,6,2,0,11
OCURI,"anticoncepcion, prevencion de its y de cancer de cuello uterino",numero de mujeres con muestras de pap tomadas,2016-10-01,0,0,2,0,1,3
OKINAWA,"anticoncepcion, prevencion de its y de cancer de cuello uterino",numero de mujeres con muestras de pap tomadas,2016-10-01,0,1,23,16,9,49
OMEREQUE,"anticoncepcion, prevencion de its y de cancer de cuello uterino",numero de mujeres con muestras de pap tomadas,2016-10-01,0,0,3,3,0,6
ORURO,"anticoncepcion, prevencion de its y de cancer de cuello uterino",numero de mujeres con muestras de pap tomadas,2016-10-01,0,57,803,484,181,1525
PADCAYA,"anticoncepcion, prevencion de its y de cancer de cuello uterino",numero de mujeres con muestras de pap tomadas,2016-10-01,0,9,36,22,10,77
PADILLA,"anticoncepcion, prevencion de its y de cancer de cuello uterino",numero de mujeres con muestras de pap tomadas,2016-10-01,0,7,40,61,15,123
PAILON,"anticoncepcion, prevencion de its y de cancer de cuello uterino",numero de mujeres con muestras de pap tomadas,2016-10-01,0,9,18,16,3,46
PALCA,"anticoncepcion, prevencion de its y de cancer de cuello uterino",numero de mujeres con muestras de pap tomadas,2016-10-01,0,4,19,12,3,38
PALOS BLANCOS,"anticoncepcion, prevencion de its y de cancer de cuello uterino",numero de mujeres con muestras de pap tomadas,2016-10-01,0,8,36,15,1,60
PAMPA GRANDE,"anticoncepcion, prevencion de its y de cancer de cuello uterino",numero de mujeres con muestras de pap tomadas,2016-10-01,0,3,8,2,0,13
PAPEL PAMPA,"anticoncepcion, prevencion de its y de cancer de cuello uterino",numero de mujeres con muestras de pap tomadas,2016-10-01,0,8,10,13,3,34
PASORAPA,"anticoncepcion, prevencion de its y de cancer de cuello uterino",numero de mujeres con muestras de pap tomadas,2016-10-01,0,1,0,3,3,7
PATACAMAYA,"anticoncepcion, prevencion de its y de cancer de cuello uterino",numero de mujeres con muestras de pap tomadas,2016-10-01,0,2,12,9,1,24
PAZÑA,"anticoncepcion, prevencion de its y de cancer de cuello uterino",numero de mujeres con muestras de pap tomadas,2016-10-01,0,1,2,4,1,8
PELECHUCO,"anticoncepcion, prevencion de its y de cancer de cuello uterino",numero de mujeres con muestras de pap tomadas,2016-10-01,0,3,8,2,0,13
POCOATA,"anticoncepcion, prevencion de its y de cancer de cuello uterino",numero de mujeres con muestras de pap tomadas,2016-10-01,0,12,26,26,3,67
POCONA,"anticoncepcion, prevencion de its y de cancer de cuello uterino",numero de mujeres con muestras de pap tomadas,2016-10-01,1,3,17,14,3,38
POJO (CBBA),"anticoncepcion, prevencion de its y de cancer de cuello uterino",numero de mujeres con muestras de pap tomadas,2016-10-01,0,1,3,4,0,8
PORCO,"anticoncepcion, prevencion de its y de cancer de cuello uterino",numero de mujeres con muestras de pap tomadas,2016-10-01,0,0,6,0,0,6
POROMA,"anticoncepcion, prevencion de its y de cancer de cuello uterino",numero de mujeres con muestras de pap tomadas,2016-10-01,0,38,67,28,13,146
PORONGO,"anticoncepcion, prevencion de its y de cancer de cuello uterino",numero de mujeres con muestras de pap tomadas,2016-10-01,1,0,24,10,1,36
PORTACHUELO,"anticoncepcion, prevencion de its y de cancer de cuello uterino",numero de mujeres con muestras de pap tomadas,2016-10-01,0,3,13,3,4,23
PORVENIR,"anticoncepcion, prevencion de its y de cancer de cuello uterino",numero de mujeres con muestras de pap tomadas,2016-10-01,0,0,1,2,1,4
POSTRER VALLE,"anticoncepcion, prevencion de its y de cancer de cuello uterino",numero de mujeres con muestras de pap tomadas,2016-10-01,0,0,7,2,1,10
POTOSI,"anticoncepcion, prevencion de its y de cancer de cuello uterino",numero de mujeres con muestras de pap tomadas,2016-10-01,1,48,594,330,90,1063
PRESTO,"anticoncepcion, prevencion de its y de cancer de cuello uterino",numero de mujeres con muestras de pap tomadas,2016-10-01,0,26,80,75,31,212
PUCARA,"anticoncepcion, prevencion de its y de cancer de cuello uterino",numero de mujeres con muestras de pap tomadas,2016-10-01,0,1,3,1,0,5
PUCARANI,"anticoncepcion, prevencion de its y de cancer de cuello uterino",numero de mujeres con muestras de pap tomadas,2016-10-01,1,5,16,8,2,32
PUERTO ACOSTA,"anticoncepcion, prevencion de its y de cancer de cuello uterino",numero de mujeres con muestras de pap tomadas,2016-10-01,0,0,1,1,0,2
PUERTO CARABUCO,"anticoncepcion, prevencion de its y de cancer de cuello uterino",numero de mujeres con muestras de pap tomadas,2016-10-01,0,0,1,5,0,6
PUERTO GONZALO MORENO,"anticoncepcion, prevencion de its y de cancer de cuello uterino",numero de mujeres con muestras de pap tomadas,2016-10-01,0,6,9,4,0,19
PUERTO PEREZ,"anticoncepcion, prevencion de its y de cancer de cuello uterino",numero de mujeres con muestras de pap tomadas,2016-10-01,0,2,3,1,1,7
PUERTO QUIJARRO,"anticoncepcion, prevencion de its y de cancer de cuello uterino",numero de mujeres con muestras de pap tomadas,2016-10-01,0,6,13,5,1,25
PUERTO RICO,"anticoncepcion, prevencion de its y de cancer de cuello uterino",numero de mujeres con muestras de pap tomadas,2016-10-01,0,2,8,2,0,12
PUERTO SUAREZ,"anticoncepcion, prevencion de its y de cancer de cuello uterino",numero de mujeres con muestras de pap tomadas,2016-10-01,0,3,4,9,3,19
PUERTO VILLARROEL,"anticoncepcion, prevencion de its y de cancer de cuello uterino",numero de mujeres con muestras de pap tomadas,2016-10-01,3,38,100,32,4,177
PUNA,"anticoncepcion, prevencion de its y de cancer de cuello uterino",numero de mujeres con muestras de pap tomadas,2016-10-01,0,7,27,20,4,58
PUNATA,"anticoncepcion, prevencion de its y de cancer de cuello uterino",numero de mujeres con muestras de pap tomadas,2016-10-01,1,6,33,23,11,74
QUIABAYA,"anticoncepcion, prevencion de its y de cancer de cuello uterino",numero de mujeres con muestras de pap tomadas,2016-10-01,0,1,1,1,0,3
QUILLACOLLO,"anticoncepcion, prevencion de its y de cancer de cuello uterino",numero de mujeres con muestras de pap tomadas,2016-10-01,0,28,236,99,44,407
QUIME,"anticoncepcion, prevencion de its y de cancer de cuello uterino",numero de mujeres con muestras de pap tomadas,2016-10-01,0,1,10,2,1,14
QUIRUSILLAS,"anticoncepcion, prevencion de its y de cancer de cuello uterino",numero de mujeres con muestras de pap tomadas,2016-10-01,0,1,4,1,1,7
RAVELO,"anticoncepcion, prevencion de its y de cancer de cuello uterino",numero de mujeres con muestras de pap tomadas,2016-10-01,0,1,5,10,2,18
RIBERALTA,"anticoncepcion, prevencion de its y de cancer de cuello uterino",numero de mujeres con muestras de pap tomadas,2016-10-01,2,58,226,132,16,434
ROBORE,"anticoncepcion, prevencion de its y de cancer de cuello uterino",numero de mujeres con muestras de pap tomadas,2016-10-01,0,3,4,0,0,7
RURRENABAQUE,"anticoncepcion, prevencion de its y de cancer de cuello uterino",numero de mujeres con muestras de pap tomadas,2016-10-01,0,2,7,7,4,20
SABAYA,"anticoncepcion, prevencion de its y de cancer de cuello uterino",numero de mujeres con muestras de pap tomadas,2016-10-01,0,0,5,1,3,9
SACABA,"anticoncepcion, prevencion de its y de cancer de cuello uterino",numero de mujeres con muestras de pap tomadas,2016-10-01,3,72,338,185,110,708
SACABAMBA,"anticoncepcion, prevencion de its y de cancer de cuello uterino",numero de mujeres con muestras de pap tomadas,2016-10-01,1,0,4,0,1,6
SACACA,"anticoncepcion, prevencion de its y de cancer de cuello uterino",numero de mujeres con muestras de pap tomadas,2016-10-01,1,1,21,6,5,34
SAIPINA,"anticoncepcion, prevencion de its y de cancer de cuello uterino",numero de mujeres con muestras de pap tomadas,2016-10-01,0,1,7,3,0,11
SALINAS DE GARCI MENDOZA,"anticoncepcion, prevencion de its y de cancer de cuello uterino",numero de mujeres con muestras de pap tomadas,2016-10-01,0,1,10,4,3,18
SAMAIPATA,"anticoncepcion, prevencion de its y de cancer de cuello uterino",numero de mujeres con muestras de pap tomadas,2016-10-01,0,0,5,1,3,9
SAN AGUSTIN,"anticoncepcion, prevencion de its y de cancer de cuello uterino",numero de mujeres con muestras de pap tomadas,2016-10-01,0,0,1,0,0,1
SAN ANDRES,"anticoncepcion, prevencion de its y de cancer de cuello uterino",numero de mujeres con muestras de pap tomadas,2016-10-01,4,2,11,2,1,20
SAN ANDRES DE MACHACA,"anticoncepcion, prevencion de its y de cancer de cuello uterino",numero de mujeres con muestras de pap tomadas,2016-10-01,0,0,7,5,0,12
SAN ANTONIO DE ESMORUCO,"anticoncepcion, prevencion de its y de cancer de cuello uterino",numero de mujeres con muestras de pap tomadas,2016-10-01,0,0,2,2,0,4
SAN BENITO,"anticoncepcion, prevencion de its y de cancer de cuello uterino",numero de mujeres con muestras de pap tomadas,2016-10-01,0,1,6,8,2,17
SAN BORJA,"anticoncepcion, prevencion de its y de cancer de cuello uterino",numero de mujeres con muestras de pap tomadas,2016-10-01,0,0,2,2,0,4
SAN BUENA VENTURA,"anticoncepcion, prevencion de its y de cancer de cuello uterino",numero de mujeres con muestras de pap tomadas,2016-10-01,0,1,3,3,0,7
SAN CARLOS,"anticoncepcion, prevencion de its y de cancer de cuello uterino",numero de mujeres con muestras de pap tomadas,2016-10-01,0,12,40,14,1,67
SAN IGNACIO,"anticoncepcion, prevencion de its y de cancer de cuello uterino",numero de mujeres con muestras de pap tomadas,2016-10-01,0,0,2,1,1,4
SAN IGNACIO DE VELASCO,"anticoncepcion, prevencion de its y de cancer de cuello uterino",numero de mujeres con muestras de pap tomadas,2016-10-01,1,14,43,28,7,93
SAN JAVIER(STC),"anticoncepcion, prevencion de its y de cancer de cuello uterino",numero de mujeres con muestras de pap tomadas,2016-10-01,0,2,14,13,0,29
SAN JOSE DE CHIQUITOS,"anticoncepcion, prevencion de its y de cancer de cuello uterino",numero de mujeres con muestras de pap tomadas,2016-10-01,0,5,30,14,6,55
SAN JUAN DE YAPACANI,"anticoncepcion, prevencion de its y de cancer de cuello uterino",numero de mujeres con muestras de pap tomadas,2016-10-01,0,2,22,7,1,32
SAN JULIAN,"anticoncepcion, prevencion de its y de cancer de cuello uterino",numero de mujeres con muestras de pap tomadas,2016-10-01,0,16,45,25,4,90
SAN LORENZO(PND),"anticoncepcion, prevencion de its y de cancer de cuello uterino",numero de mujeres con muestras de pap tomadas,2016-10-01,2,16,67,36,7,128
SAN LORENZO(TJA),"anticoncepcion, prevencion de its y de cancer de cuello uterino",numero de mujeres con muestras de pap tomadas,2016-10-01,0,3,32,25,9,69
SAN LUCAS,"anticoncepcion, prevencion de its y de cancer de cuello uterino",numero de mujeres con muestras de pap tomadas,2016-10-01,1,22,49,55,38,165
SAN MATIAS,"anticoncepcion, prevencion de its y de cancer de cuello uterino",numero de mujeres con muestras de pap tomadas,2016-10-01,0,0,6,3,1,10
SAN MIGUEL DE VELASCO,"anticoncepcion, prevencion de its y de cancer de cuello uterino",numero de mujeres con muestras de pap tomadas,2016-10-01,0,0,2,1,0,3
SAN PABLO DE LIPEZ,"anticoncepcion, prevencion de its y de cancer de cuello uterino",numero de mujeres con muestras de pap tomadas,2016-10-01,0,0,0,0,1,1
SAN PEDRO,"anticoncepcion, prevencion de its y de cancer de cuello uterino",numero de mujeres con muestras de pap tomadas,2016-10-01,0,2,18,8,2,30
SAN PEDRO DE BUENA VISTA,"anticoncepcion, prevencion de its y de cancer de cuello uterino",numero de mujeres con muestras de pap tomadas,2016-10-01,0,26,89,81,2,198
SAN PEDRO DE CURAHUARA,"anticoncepcion, prevencion de its y de cancer de cuello uterino",numero de mujeres con muestras de pap tomadas,2016-10-01,2,8,23,11,12,56
SAN PEDRO DE TIQUINA,"anticoncepcion, prevencion de its y de cancer de cuello uterino",numero de mujeres con muestras de pap tomadas,2016-10-01,0,1,2,2,1,6
SAN PEDRO(PND),"anticoncepcion, prevencion de its y de cancer de cuello uterino",numero de mujeres con muestras de pap tomadas,2016-10-01,0,1,1,0,0,2
SAN RAMON BENI,"anticoncepcion, prevencion de its y de cancer de cuello uterino",numero de mujeres con muestras de pap tomadas,2016-10-01,0,2,4,2,0,8
SAN RAMON SCZ,"anticoncepcion, prevencion de its y de cancer de cuello uterino",numero de mujeres con muestras de pap tomadas,2016-10-01,0,3,10,9,0,22
SANTA CRUZ DE LA SIERRA,"anticoncepcion, prevencion de its y de cancer de cuello uterino",numero de mujeres con muestras de pap tomadas,2016-10-01,33,355,2929,1833,889,6039
SANTA ROSA DEL SARA,"anticoncepcion, prevencion de its y de cancer de cuello uterino",numero de mujeres con muestras de pap tomadas,2016-10-01,0,10,57,51,7,125
SANTIAGO DE CALLAPA,"anticoncepcion, prevencion de its y de cancer de cuello uterino",numero de mujeres con muestras de pap tomadas,2016-10-01,0,0,0,0,1,1
SANTIAGO DE HUARI,"anticoncepcion, prevencion de its y de cancer de cuello uterino",numero de mujeres con muestras de pap tomadas,2016-10-01,0,0,10,2,0,12
SANTIAGO DE HUATA,"anticoncepcion, prevencion de its y de cancer de cuello uterino",numero de mujeres con muestras de pap tomadas,2016-10-01,0,0,1,3,0,4
SANTIAGO DE MACHACA,"anticoncepcion, prevencion de its y de cancer de cuello uterino",numero de mujeres con muestras de pap tomadas,2016-10-01,0,1,4,3,1,9
SANTIVAÑES,"anticoncepcion, prevencion de its y de cancer de cuello uterino",numero de mujeres con muestras de pap tomadas,2016-10-01,0,2,2,1,1,6
SANTUARIO DE QUILLACAS,"anticoncepcion, prevencion de its y de cancer de cuello uterino",numero de mujeres con muestras de pap tomadas,2016-10-01,0,0,2,0,0,2
SAPAHAQUI,"anticoncepcion, prevencion de its y de cancer de cuello uterino",numero de mujeres con muestras de pap tomadas,2016-10-01,0,0,1,0,3,4
SENA,"anticoncepcion, prevencion de its y de cancer de cuello uterino",numero de mujeres con muestras de pap tomadas,2016-10-01,0,0,3,0,0,3
SHINAOTA,"anticoncepcion, prevencion de its y de cancer de cuello uterino",numero de mujeres con muestras de pap tomadas,2016-10-01,0,5,10,3,0,18
SICA SICA (VILLA AROMA),"anticoncepcion, prevencion de its y de cancer de cuello uterino",numero de mujeres con muestras de pap tomadas,2016-10-01,0,2,19,11,3,35
SICAYA,"anticoncepcion, prevencion de its y de cancer de cuello uterino",numero de mujeres con muestras de pap tomadas,2016-10-01,0,1,2,1,0,4
SIPE SIPE,"anticoncepcion, prevencion de its y de cancer de cuello uterino",numero de mujeres con muestras de pap tomadas,2016-10-01,0,9,71,43,15,138
SOPACHUY,"anticoncepcion, prevencion de its y de cancer de cuello uterino",numero de mujeres con muestras de pap tomadas,2016-10-01,0,7,35,27,14,83
SORACACHI,"anticoncepcion, prevencion de its y de cancer de cuello uterino",numero de mujeres con muestras de pap tomadas,2016-10-01,0,0,6,1,1,8
SORATA,"anticoncepcion, prevencion de its y de cancer de cuello uterino",numero de mujeres con muestras de pap tomadas,2016-10-01,0,6,24,10,2,42
SUCRE,"anticoncepcion, prevencion de its y de cancer de cuello uterino",numero de mujeres con muestras de pap tomadas,2016-10-01,5,212,1582,878,314,2991
TACACOMA,"anticoncepcion, prevencion de its y de cancer de cuello uterino",numero de mujeres con muestras de pap tomadas,2016-10-01,0,0,18,6,7,31
TACOBAMBA,"anticoncepcion, prevencion de its y de cancer de cuello uterino",numero de mujeres con muestras de pap tomadas,2016-10-01,0,1,1,2,0,4
TACOPAYA,"anticoncepcion, prevencion de its y de cancer de cuello uterino",numero de mujeres con muestras de pap tomadas,2016-10-01,0,2,1,5,3,11
TAHUA,"anticoncepcion, prevencion de its y de cancer de cuello uterino",numero de mujeres con muestras de pap tomadas,2016-10-01,0,0,3,0,0,3
TAPACARI,"anticoncepcion, prevencion de its y de cancer de cuello uterino",numero de mujeres con muestras de pap tomadas,2016-10-01,1,1,12,6,1,21
TARABUCO,"anticoncepcion, prevencion de its y de cancer de cuello uterino",numero de mujeres con muestras de pap tomadas,2016-10-01,1,49,149,120,76,395
TARACO,"anticoncepcion, prevencion de its y de cancer de cuello uterino",numero de mujeres con muestras de pap tomadas,2016-10-01,0,2,6,7,3,18
TARATA,"anticoncepcion, prevencion de its y de cancer de cuello uterino",numero de mujeres con muestras de pap tomadas,2016-10-01,0,1,6,4,1,12
TARIJA,"anticoncepcion, prevencion de its y de cancer de cuello uterino",numero de mujeres con muestras de pap tomadas,2016-10-01,1,63,712,524,217,1517
TARVITA,"anticoncepcion, prevencion de its y de cancer de cuello uterino",numero de mujeres con muestras de pap tomadas,2016-10-01,1,58,74,91,67,291
TEOPONTE,"anticoncepcion, prevencion de its y de cancer de cuello uterino",numero de mujeres con muestras de pap tomadas,2016-10-01,0,15,27,10,1,53
TIAWANACU,"anticoncepcion, prevencion de its y de cancer de cuello uterino",numero de mujeres con muestras de pap tomadas,2016-10-01,0,1,7,6,4,18
TINGUIPAYA,"anticoncepcion, prevencion de its y de cancer de cuello uterino",numero de mujeres con muestras de pap tomadas,2016-10-01,0,2,12,16,1,31
TIPUANI,"anticoncepcion, prevencion de its y de cancer de cuello uterino",numero de mujeres con muestras de pap tomadas,2016-10-01,0,9,34,18,5,66
TIQUIPAYA,"anticoncepcion, prevencion de its y de cancer de cuello uterino",numero de mujeres con muestras de pap tomadas,2016-10-01,0,21,132,73,47,273
TIRAQUE (CBBA),"anticoncepcion, prevencion de its y de cancer de cuello uterino",numero de mujeres con muestras de pap tomadas,2016-10-01,0,6,13,2,1,22
TOCO,"anticoncepcion, prevencion de its y de cancer de cuello uterino",numero de mujeres con muestras de pap tomadas,2016-10-01,0,3,10,4,2,19
TOLATA,"anticoncepcion, prevencion de its y de cancer de cuello uterino",numero de mujeres con muestras de pap tomadas,2016-10-01,0,0,8,1,1,10
TOMAVE,"anticoncepcion, prevencion de its y de cancer de cuello uterino",numero de mujeres con muestras de pap tomadas,2016-10-01,0,1,11,9,4,25
TOMINA,"anticoncepcion, prevencion de its y de cancer de cuello uterino",numero de mujeres con muestras de pap tomadas,2016-10-01,0,7,29,14,8,58
TORO TORO,"anticoncepcion, prevencion de its y de cancer de cuello uterino",numero de mujeres con muestras de pap tomadas,2016-10-01,1,3,29,33,19,85
TOTORA(CBBA),"anticoncepcion, prevencion de its y de cancer de cuello uterino",numero de mujeres con muestras de pap tomadas,2016-10-01,0,2,6,4,1,13
TOTORA(ORR),"anticoncepcion, prevencion de its y de cancer de cuello uterino",numero de mujeres con muestras de pap tomadas,2016-10-01,0,1,0,2,1,4
TRIGAL,"anticoncepcion, prevencion de its y de cancer de cuello uterino",numero de mujeres con muestras de pap tomadas,2016-10-01,0,1,1,1,0,3
TRINIDAD,"anticoncepcion, prevencion de its y de cancer de cuello uterino",numero de mujeres con muestras de pap tomadas,2016-10-01,1,27,267,195,70,560
TUPIZA,"anticoncepcion, prevencion de its y de cancer de cuello uterino",numero de mujeres con muestras de pap tomadas,2016-10-01,0,7,89,69,24,189
TURCO,"anticoncepcion, prevencion de its y de cancer de cuello uterino",numero de mujeres con muestras de pap tomadas,2016-10-01,0,0,2,2,0,4
UMALA,"anticoncepcion, prevencion de its y de cancer de cuello uterino",numero de mujeres con muestras de pap tomadas,2016-10-01,0,0,0,0,2,2
UNCIA,"anticoncepcion, prevencion de its y de cancer de cuello uterino",numero de mujeres con muestras de pap tomadas,2016-10-01,0,0,9,6,5,20
URIONDO (A. CONCEPCION),"anticoncepcion, prevencion de its y de cancer de cuello uterino",numero de mujeres con muestras de pap tomadas,2016-10-01,0,6,26,28,7,67
URUBICHA,"anticoncepcion, prevencion de its y de cancer de cuello uterino",numero de mujeres con muestras de pap tomadas,2016-10-01,0,2,7,2,0,11
UYUNI,"anticoncepcion, prevencion de its y de cancer de cuello uterino",numero de mujeres con muestras de pap tomadas,2016-10-01,0,0,17,15,6,38
VACAS,"anticoncepcion, prevencion de its y de cancer de cuello uterino",numero de mujeres con muestras de pap tomadas,2016-10-01,0,0,6,3,4,13
VALLEGRANDE,"anticoncepcion, prevencion de its y de cancer de cuello uterino",numero de mujeres con muestras de pap tomadas,2016-10-01,0,22,49,26,9,106
VIACHA,"anticoncepcion, prevencion de its y de cancer de cuello uterino",numero de mujeres con muestras de pap tomadas,2016-10-01,0,11,73,35,15,134
VILLA CHARCAS,"anticoncepcion, prevencion de its y de cancer de cuello uterino",numero de mujeres con muestras de pap tomadas,2016-10-01,2,18,67,89,31,207
VILLA MONTES,"anticoncepcion, prevencion de its y de cancer de cuello uterino",numero de mujeres con muestras de pap tomadas,2016-10-01,0,30,186,115,30,361
VILLA NUEVA (LOMA ALTA),"anticoncepcion, prevencion de its y de cancer de cuello uterino",numero de mujeres con muestras de pap tomadas,2016-10-01,0,1,0,0,0,1
VILLA RIVERO,"anticoncepcion, prevencion de its y de cancer de cuello uterino",numero de mujeres con muestras de pap tomadas,2016-10-01,1,0,13,5,2,21
VILLA SERRANO,"anticoncepcion, prevencion de its y de cancer de cuello uterino",numero de mujeres con muestras de pap tomadas,2016-10-01,0,4,29,41,41,115
VILLA TUNARI,"anticoncepcion, prevencion de its y de cancer de cuello uterino",numero de mujeres con muestras de pap tomadas,2016-10-01,0,11,52,38,4,105
VILLA VACA GUZMAN (MUYUPAMPA),"anticoncepcion, prevencion de its y de cancer de cuello uterino",numero de mujeres con muestras de pap tomadas,2016-10-01,0,6,15,16,5,42
VILLAZON,"anticoncepcion, prevencion de its y de cancer de cuello uterino",numero de mujeres con muestras de pap tomadas,2016-10-01,2,27,228,166,73,496
VINTO,"anticoncepcion, prevencion de its y de cancer de cuello uterino",numero de mujeres con muestras de pap tomadas,2016-10-01,0,1,41,18,8,68
VITICHI,"anticoncepcion, prevencion de its y de cancer de cuello uterino",numero de mujeres con muestras de pap tomadas,2016-10-01,0,4,10,13,6,33
WALDO BALLIVIAN,"anticoncepcion, prevencion de its y de cancer de cuello uterino",numero de mujeres con muestras de pap tomadas,2016-10-01,0,0,0,0,2,2
WARNES,"anticoncepcion, prevencion de its y de cancer de cuello uterino",numero de mujeres con muestras de pap tomadas,2016-10-01,2,35,133,59,8,237
YACO,"anticoncepcion, prevencion de its y de cancer de cuello uterino",numero de mujeres con muestras de pap tomadas,2016-10-01,0,0,1,0,0,1
YACUIBA,"anticoncepcion, prevencion de its y de cancer de cuello uterino",numero de mujeres con muestras de pap tomadas,2016-10-01,1,31,156,126,57,371
YAMPARAEZ,"anticoncepcion, prevencion de its y de cancer de cuello uterino",numero de mujeres con muestras de pap tomadas,2016-10-01,0,17,55,63,37,172
YANACACHI,"anticoncepcion, prevencion de its y de cancer de cuello uterino",numero de mujeres con muestras de pap tomadas,2016-10-01,0,2,8,7,3,20
YAPACANI,"anticoncepcion, prevencion de its y de cancer de cuello uterino",numero de mujeres con muestras de pap tomadas,2016-10-01,0,14,69,28,10,121
YOCALLA,"anticoncepcion, prevencion de its y de cancer de cuello uterino",numero de mujeres con muestras de pap tomadas,2016-10-01,0,0,18,9,6,33
YOTALA,"anticoncepcion, prevencion de its y de cancer de cuello uterino",numero de mujeres con muestras de pap tomadas,2016-10-01,0,5,23,15,9,52
YUNCHARA,"anticoncepcion, prevencion de its y de cancer de cuello uterino",numero de mujeres con muestras de pap tomadas,2016-10-01,1,8,21,12,1,43
ZUDAÑEZ,"anticoncepcion, prevencion de its y de cancer de cuello uterino",numero de mujeres con muestras de pap tomadas,2016-10-01,0,11,64,40,23,138
ACACIO,"anticoncepcion, prevencion de its y de cancer de cuello uterino",numero de mujeres con muestras de pap tomadas,2016-11-01,0,2,10,11,7,30
ACHACACHI,"anticoncepcion, prevencion de its y de cancer de cuello uterino",numero de mujeres con muestras de pap tomadas,2016-11-01,0,2,11,10,2,25
ACHOCALLA,"anticoncepcion, prevencion de its y de cancer de cuello uterino",numero de mujeres con muestras de pap tomadas,2016-11-01,0,2,42,30,2,76
AIQUILE,"anticoncepcion, prevencion de its y de cancer de cuello uterino",numero de mujeres con muestras de pap tomadas,2016-11-01,0,7,35,26,6,74
ALALAY,"anticoncepcion, prevencion de its y de cancer de cuello uterino",numero de mujeres con muestras de pap tomadas,2016-11-01,0,0,1,0,0,1
ALCALA,"anticoncepcion, prevencion de its y de cancer de cuello uterino",numero de mujeres con muestras de pap tomadas,2016-11-01,0,2,4,10,12,28
ALTO BENI,"anticoncepcion, prevencion de its y de cancer de cuello uterino",numero de mujeres con muestras de pap tomadas,2016-11-01,0,1,11,9,2,23
ANCORAIMES,"anticoncepcion, prevencion de its y de cancer de cuello uterino",numero de mujeres con muestras de pap tomadas,2016-11-01,0,1,2,1,1,5
ANTEQUERA,"anticoncepcion, prevencion de its y de cancer de cuello uterino",numero de mujeres con muestras de pap tomadas,2016-11-01,0,0,1,0,1,2
ANZALDO,"anticoncepcion, prevencion de its y de cancer de cuello uterino",numero de mujeres con muestras de pap tomadas,2016-11-01,0,0,4,1,1,6
APOLO,"anticoncepcion, prevencion de its y de cancer de cuello uterino",numero de mujeres con muestras de pap tomadas,2016-11-01,0,5,25,37,34,101
ARAMPAMPA,"anticoncepcion, prevencion de its y de cancer de cuello uterino",numero de mujeres con muestras de pap tomadas,2016-11-01,0,0,7,5,0,12
ARANI,"anticoncepcion, prevencion de its y de cancer de cuello uterino",numero de mujeres con muestras de pap tomadas,2016-11-01,0,0,4,0,0,4
ARBIETO,"anticoncepcion, prevencion de its y de cancer de cuello uterino",numero de mujeres con muestras de pap tomadas,2016-11-01,0,15,56,18,9,98
ASCENCION DE GUARAYOS,"anticoncepcion, prevencion de its y de cancer de cuello uterino",numero de mujeres con muestras de pap tomadas,2016-11-01,6,17,71,23,3,120
ATOCHA,"anticoncepcion, prevencion de its y de cancer de cuello uterino",numero de mujeres con muestras de pap tomadas,2016-11-01,0,4,25,15,1,45
AUCAPATA,"anticoncepcion, prevencion de its y de cancer de cuello uterino",numero de mujeres con muestras de pap tomadas,2016-11-01,0,1,3,3,0,7
AYATA,"anticoncepcion, prevencion de its y de cancer de cuello uterino",numero de mujeres con muestras de pap tomadas,2016-11-01,0,3,14,7,1,25
AYO AYO,"anticoncepcion, prevencion de its y de cancer de cuello uterino",numero de mujeres con muestras de pap tomadas,2016-11-01,0,2,2,1,0,5
AYOPAYA (V. DE INDEPENDENCIA),"anticoncepcion, prevencion de its y de cancer de cuello uterino",numero de mujeres con muestras de pap tomadas,2016-11-01,0,0,9,1,3,13
AZURDUY,"anticoncepcion, prevencion de its y de cancer de cuello uterino",numero de mujeres con muestras de pap tomadas,2016-11-01,0,6,16,8,5,35
BATALLAS,"anticoncepcion, prevencion de its y de cancer de cuello uterino",numero de mujeres con muestras de pap tomadas,2016-11-01,0,4,12,5,3,24
BELEN DE ANDAMARCA,"anticoncepcion, prevencion de its y de cancer de cuello uterino",numero de mujeres con muestras de pap tomadas,2016-11-01,0,2,2,1,0,5
BELEN DE URMIRI,"anticoncepcion, prevencion de its y de cancer de cuello uterino",numero de mujeres con muestras de pap tomadas,2016-11-01,0,0,2,0,0,2
BELLA FLOR,"anticoncepcion, prevencion de its y de cancer de cuello uterino",numero de mujeres con muestras de pap tomadas,2016-11-01,0,0,1,0,0,1
BERMEJO,"anticoncepcion, prevencion de its y de cancer de cuello uterino",numero de mujeres con muestras de pap tomadas,2016-11-01,0,6,60,43,9,118
BETANZOS,"anticoncepcion, prevencion de its y de cancer de cuello uterino",numero de mujeres con muestras de pap tomadas,2016-11-01,0,11,41,20,7,79
BOLIVAR,"anticoncepcion, prevencion de its y de cancer de cuello uterino",numero de mujeres con muestras de pap tomadas,2016-11-01,0,1,5,4,0,10
BOLPEBRA,"anticoncepcion, prevencion de its y de cancer de cuello uterino",numero de mujeres con muestras de pap tomadas,2016-11-01,0,0,2,1,1,4
BUENA VISTA,"anticoncepcion, prevencion de its y de cancer de cuello uterino",numero de mujeres con muestras de pap tomadas,2016-11-01,0,4,35,21,3,63
CABEZAS,"anticoncepcion, prevencion de its y de cancer de cuello uterino",numero de mujeres con muestras de pap tomadas,2016-11-01,0,11,47,46,4,108
CAIROMA,"anticoncepcion, prevencion de its y de cancer de cuello uterino",numero de mujeres con muestras de pap tomadas,2016-11-01,0,2,12,6,3,23
"CAIZA ""D""","anticoncepcion, prevencion de its y de cancer de cuello uterino",numero de mujeres con muestras de pap tomadas,2016-11-01,0,3,18,19,10,50
CAJUATA,"anticoncepcion, prevencion de its y de cancer de cuello uterino",numero de mujeres con muestras de pap tomadas,2016-11-01,0,0,9,10,1,20
CALACOTO,"anticoncepcion, prevencion de its y de cancer de cuello uterino",numero de mujeres con muestras de pap tomadas,2016-11-01,0,0,2,2,3,7
CALAMARCA,"anticoncepcion, prevencion de its y de cancer de cuello uterino",numero de mujeres con muestras de pap tomadas,2016-11-01,0,3,24,12,3,42
CAMARGO,"anticoncepcion, prevencion de its y de cancer de cuello uterino",numero de mujeres con muestras de pap tomadas,2016-11-01,0,8,59,43,18,128
CAMATAQUI (C. VILLA ABECIA),"anticoncepcion, prevencion de its y de cancer de cuello uterino",numero de mujeres con muestras de pap tomadas,2016-11-01,0,3,17,21,20,61
CAMIRI,"anticoncepcion, prevencion de its y de cancer de cuello uterino",numero de mujeres con muestras de pap tomadas,2016-11-01,0,2,17,6,5,30
CAPINOTA,"anticoncepcion, prevencion de its y de cancer de cuello uterino",numero de mujeres con muestras de pap tomadas,2016-11-01,0,7,47,26,6,86
CAQUIAVIRI,"anticoncepcion, prevencion de its y de cancer de cuello uterino",numero de mujeres con muestras de pap tomadas,2016-11-01,0,5,11,11,16,43
CARACOLLO,"anticoncepcion, prevencion de its y de cancer de cuello uterino",numero de mujeres con muestras de pap tomadas,2016-11-01,0,0,12,11,5,28
CARANAVI,"anticoncepcion, prevencion de its y de cancer de cuello uterino",numero de mujeres con muestras de pap tomadas,2016-11-01,0,21,78,59,11,169
CARANGAS,"anticoncepcion, prevencion de its y de cancer de cuello uterino",numero de mujeres con muestras de pap tomadas,2016-11-01,0,0,0,3,0,3
CARAPARI,"anticoncepcion, prevencion de its y de cancer de cuello uterino",numero de mujeres con muestras de pap tomadas,2016-11-01,0,2,19,15,7,43
CARIPUYO,"anticoncepcion, prevencion de its y de cancer de cuello uterino",numero de mujeres con muestras de pap tomadas,2016-11-01,0,3,18,18,1,40
CARMEN RIVERO TORREZ,"anticoncepcion, prevencion de its y de cancer de cuello uterino",numero de mujeres con muestras de pap tomadas,2016-11-01,0,0,2,1,0,3
CATACORA,"anticoncepcion, prevencion de its y de cancer de cuello uterino",numero de mujeres con muestras de pap tomadas,2016-11-01,0,0,3,0,0,3
CHACARILLA,"anticoncepcion, prevencion de its y de cancer de cuello uterino",numero de mujeres con muestras de pap tomadas,2016-11-01,0,4,6,5,1,16
CHALLAPATA,"anticoncepcion, prevencion de its y de cancer de cuello uterino",numero de mujeres con muestras de pap tomadas,2016-11-01,0,1,18,11,1,31
CHAQUI,"anticoncepcion, prevencion de its y de cancer de cuello uterino",numero de mujeres con muestras de pap tomadas,2016-11-01,0,0,11,14,4,29
CHARAGUA,"anticoncepcion, prevencion de its y de cancer de cuello uterino",numero de mujeres con muestras de pap tomadas,2016-11-01,0,2,21,14,2,39
CHARAÑA,"anticoncepcion, prevencion de its y de cancer de cuello uterino",numero de mujeres con muestras de pap tomadas,2016-11-01,0,0,6,4,1,11
CHAYANTA,"anticoncepcion, prevencion de its y de cancer de cuello uterino",numero de mujeres con muestras de pap tomadas,2016-11-01,0,3,25,10,3,41
CHIMORE,"anticoncepcion, prevencion de its y de cancer de cuello uterino",numero de mujeres con muestras de pap tomadas,2016-11-01,0,3,4,0,1,8
CHIPAYA,"anticoncepcion, prevencion de its y de cancer de cuello uterino",numero de mujeres con muestras de pap tomadas,2016-11-01,0,0,1,1,0,2
CHOQUE COTA,"anticoncepcion, prevencion de its y de cancer de cuello uterino",numero de mujeres con muestras de pap tomadas,2016-11-01,0,0,2,0,0,2
CHUA COCANI,"anticoncepcion, prevencion de its y de cancer de cuello uterino",numero de mujeres con muestras de pap tomadas,2016-11-01,0,1,1,1,1,4
CHULUMANI (V. DE LA LIBERTAD),"anticoncepcion, prevencion de its y de cancer de cuello uterino",numero de mujeres con muestras de pap tomadas,2016-11-01,0,6,19,12,6,43
CHUMA,"anticoncepcion, prevencion de its y de cancer de cuello uterino",numero de mujeres con muestras de pap tomadas,2016-11-01,1,1,6,7,4,19
CHUQUIHUTA AYLLU JUCUMANI,"anticoncepcion, prevencion de its y de cancer de cuello uterino",numero de mujeres con muestras de pap tomadas,2016-11-01,0,12,22,26,0,60
CKOCHAS,"anticoncepcion, prevencion de its y de cancer de cuello uterino",numero de mujeres con muestras de pap tomadas,2016-11-01,0,13,50,69,17,149
CLIZA,"anticoncepcion, prevencion de its y de cancer de cuello uterino",numero de mujeres con muestras de pap tomadas,2016-11-01,0,5,37,13,4,59
COBIJA,"anticoncepcion, prevencion de its y de cancer de cuello uterino",numero de mujeres con muestras de pap tomadas,2016-11-01,1,35,100,46,10,192
COCAPATA,"anticoncepcion, prevencion de its y de cancer de cuello uterino",numero de mujeres con muestras de pap tomadas,2016-11-01,0,1,8,5,4,18
COCHABAMBA,"anticoncepcion, prevencion de its y de cancer de cuello uterino",numero de mujeres con muestras de pap tomadas,2016-11-01,3,129,2003,1428,640,4203
COIPASA,"anticoncepcion, prevencion de its y de cancer de cuello uterino",numero de mujeres con muestras de pap tomadas,2016-11-01,0,0,2,0,0,2
COLCAPIRHUA,"anticoncepcion, prevencion de its y de cancer de cuello uterino",numero de mujeres con muestras de pap tomadas,2016-11-01,0,6,38,25,11,80
"COLCHA ""K""","anticoncepcion, prevencion de its y de cancer de cuello uterino",numero de mujeres con muestras de pap tomadas,2016-11-01,0,3,47,24,9,83
COLLANA,"anticoncepcion, prevencion de its y de cancer de cuello uterino",numero de mujeres con muestras de pap tomadas,2016-11-01,0,0,1,0,1,2
COLOMI,"anticoncepcion, prevencion de its y de cancer de cuello uterino",numero de mujeres con muestras de pap tomadas,2016-11-01,0,10,16,12,4,42
COLPA BELGICA,"anticoncepcion, prevencion de its y de cancer de cuello uterino",numero de mujeres con muestras de pap tomadas,2016-11-01,0,1,6,1,0,8
COLQUECHACA,"anticoncepcion, prevencion de its y de cancer de cuello uterino",numero de mujeres con muestras de pap tomadas,2016-11-01,0,2,22,11,3,38
COLQUENCHA,"anticoncepcion, prevencion de its y de cancer de cuello uterino",numero de mujeres con muestras de pap tomadas,2016-11-01,0,2,1,5,0,8
COLQUIRI,"anticoncepcion, prevencion de its y de cancer de cuello uterino",numero de mujeres con muestras de pap tomadas,2016-11-01,0,0,0,2,0,2
COMANCHE,"anticoncepcion, prevencion de its y de cancer de cuello uterino",numero de mujeres con muestras de pap tomadas,2016-11-01,0,0,0,1,0,1
COMARAPA,"anticoncepcion, prevencion de its y de cancer de cuello uterino",numero de mujeres con muestras de pap tomadas,2016-11-01,0,3,24,23,5,55
CONCEPCION,"anticoncepcion, prevencion de its y de cancer de cuello uterino",numero de mujeres con muestras de pap tomadas,2016-11-01,0,3,37,25,8,73
COPACABANA,"anticoncepcion, prevencion de its y de cancer de cuello uterino",numero de mujeres con muestras de pap tomadas,2016-11-01,0,0,3,5,4,12
CORIPATA,"anticoncepcion, prevencion de its y de cancer de cuello uterino",numero de mujeres con muestras de pap tomadas,2016-11-01,0,4,31,5,2,42
CORO CORO,"anticoncepcion, prevencion de its y de cancer de cuello uterino",numero de mujeres con muestras de pap tomadas,2016-11-01,0,1,8,5,3,17
COROICO,"anticoncepcion, prevencion de its y de cancer de cuello uterino",numero de mujeres con muestras de pap tomadas,2016-11-01,0,10,42,25,19,96
CORQUE,"anticoncepcion, prevencion de its y de cancer de cuello uterino",numero de mujeres con muestras de pap tomadas,2016-11-01,0,2,2,0,0,4
COTAGAITA,"anticoncepcion, prevencion de its y de cancer de cuello uterino",numero de mujeres con muestras de pap tomadas,2016-11-01,0,3,13,10,10,36
COTOCA,"anticoncepcion, prevencion de its y de cancer de cuello uterino",numero de mujeres con muestras de pap tomadas,2016-11-01,0,18,103,26,7,154
CUATRO CAÑADAS,"anticoncepcion, prevencion de its y de cancer de cuello uterino",numero de mujeres con muestras de pap tomadas,2016-11-01,0,4,16,11,1,32
CUCHUMUELA (V. G. VILLARROEL),"anticoncepcion, prevencion de its y de cancer de cuello uterino",numero de mujeres con muestras de pap tomadas,2016-11-01,0,1,0,0,1,2
CUEVO,"anticoncepcion, prevencion de its y de cancer de cuello uterino",numero de mujeres con muestras de pap tomadas,2016-11-01,0,1,4,1,0,6
CULPINA,"anticoncepcion, prevencion de its y de cancer de cuello uterino",numero de mujeres con muestras de pap tomadas,2016-11-01,1,12,48,29,18,108
CURAHUARA DE CARANGAS,"anticoncepcion, prevencion de its y de cancer de cuello uterino",numero de mujeres con muestras de pap tomadas,2016-11-01,0,0,1,2,0,3
CURVA,"anticoncepcion, prevencion de its y de cancer de cuello uterino",numero de mujeres con muestras de pap tomadas,2016-11-01,0,0,2,1,0,3
DESAGUADERO,"anticoncepcion, prevencion de its y de cancer de cuello uterino",numero de mujeres con muestras de pap tomadas,2016-11-01,0,0,1,2,0,3
EL ALTO,"anticoncepcion, prevencion de its y de cancer de cuello uterino",numero de mujeres con muestras de pap tomadas,2016-11-01,7,138,1534,1138,402,3219
EL CHORO,"anticoncepcion, prevencion de its y de cancer de cuello uterino",numero de mujeres con muestras de pap tomadas,2016-11-01,1,1,5,0,0,7
EL PUENTE(STC),"anticoncepcion, prevencion de its y de cancer de cuello uterino",numero de mujeres con muestras de pap tomadas,2016-11-01,0,3,16,0,0,19
EL PUENTE(TJA),"anticoncepcion, prevencion de its y de cancer de cuello uterino",numero de mujeres con muestras de pap tomadas,2016-11-01,0,3,35,47,12,97
EL TORNO,"anticoncepcion, prevencion de its y de cancer de cuello uterino",numero de mujeres con muestras de pap tomadas,2016-11-01,0,12,108,82,33,235
EL VILLAR,"anticoncepcion, prevencion de its y de cancer de cuello uterino",numero de mujeres con muestras de pap tomadas,2016-11-01,0,2,8,8,1,19
ENTRE RIOS TRJ,"anticoncepcion, prevencion de its y de cancer de cuello uterino",numero de mujeres con muestras de pap tomadas,2016-11-01,0,0,22,28,16,66
ENTRE RIOS CBBA,"anticoncepcion, prevencion de its y de cancer de cuello uterino",numero de mujeres con muestras de pap tomadas,2016-11-01,0,7,21,9,7,44
ESCOMA,"anticoncepcion, prevencion de its y de cancer de cuello uterino",numero de mujeres con muestras de pap tomadas,2016-11-01,0,0,4,2,0,6
EUCALIPTUS,"anticoncepcion, prevencion de its y de cancer de cuello uterino",numero de mujeres con muestras de pap tomadas,2016-11-01,0,0,4,2,2,8
EUREKA (SANTOS MERCADO),"anticoncepcion, prevencion de its y de cancer de cuello uterino",numero de mujeres con muestras de pap tomadas,2016-11-01,1,4,1,0,0,6
FERNANDEZ ALONSO,"anticoncepcion, prevencion de its y de cancer de cuello uterino",numero de mujeres con muestras de pap tomadas,2016-11-01,0,9,30,7,2,48
FILADELFIA,"anticoncepcion, prevencion de its y de cancer de cuello uterino",numero de mujeres con muestras de pap tomadas,2016-11-01,0,2,12,8,1,23
GENERAL SAAVEDRA,"anticoncepcion, prevencion de its y de cancer de cuello uterino",numero de mujeres con muestras de pap tomadas,2016-11-01,0,4,8,2,0,14
GRAL. J.J. PEREZ (CHARAZANI),"anticoncepcion, prevencion de its y de cancer de cuello uterino",numero de mujeres con muestras de pap tomadas,2016-11-01,0,4,9,3,0,16
GUANAY,"anticoncepcion, prevencion de its y de cancer de cuello uterino",numero de mujeres con muestras de pap tomadas,2016-11-01,0,5,30,9,3,47
GUAQUI,"anticoncepcion, prevencion de its y de cancer de cuello uterino",numero de mujeres con muestras de pap tomadas,2016-11-01,0,1,2,3,0,6
GUAYARAMERIN,"anticoncepcion, prevencion de its y de cancer de cuello uterino",numero de mujeres con muestras de pap tomadas,2016-11-01,0,5,44,14,5,68
GUTIERREZ,"anticoncepcion, prevencion de its y de cancer de cuello uterino",numero de mujeres con muestras de pap tomadas,2016-11-01,0,4,11,15,1,31
HUACARETA,"anticoncepcion, prevencion de its y de cancer de cuello uterino",numero de mujeres con muestras de pap tomadas,2016-11-01,0,18,71,39,29,157
HUACAYA (VILLA DE HUACAYA),"anticoncepcion, prevencion de its y de cancer de cuello uterino",numero de mujeres con muestras de pap tomadas,2016-11-01,0,5,16,14,4,39
HUACHACALLA,"anticoncepcion, prevencion de its y de cancer de cuello uterino",numero de mujeres con muestras de pap tomadas,2016-11-01,0,3,0,2,2,7
HUANUNI,"anticoncepcion, prevencion de its y de cancer de cuello uterino",numero de mujeres con muestras de pap tomadas,2016-11-01,0,1,27,8,6,42
HUARINA,"anticoncepcion, prevencion de its y de cancer de cuello uterino",numero de mujeres con muestras de pap tomadas,2016-11-01,0,1,1,1,0,3
HUATAJATA,"anticoncepcion, prevencion de its y de cancer de cuello uterino",numero de mujeres con muestras de pap tomadas,2016-11-01,0,0,2,0,0,2
HUAYLLAMARCA,"anticoncepcion, prevencion de its y de cancer de cuello uterino",numero de mujeres con muestras de pap tomadas,2016-11-01,0,2,14,17,6,39
ICHOCA,"anticoncepcion, prevencion de its y de cancer de cuello uterino",numero de mujeres con muestras de pap tomadas,2016-11-01,0,0,2,4,0,6
ICLA,"anticoncepcion, prevencion de its y de cancer de cuello uterino",numero de mujeres con muestras de pap tomadas,2016-11-01,0,4,46,19,8,77
INCAHUASI,"anticoncepcion, prevencion de its y de cancer de cuello uterino",numero de mujeres con muestras de pap tomadas,2016-11-01,2,21,157,111,36,327
INQUISIVI,"anticoncepcion, prevencion de its y de cancer de cuello uterino",numero de mujeres con muestras de pap tomadas,2016-11-01,0,1,0,1,0,2
IRUPANA (VILLA DE LANZA),"anticoncepcion, prevencion de its y de cancer de cuello uterino",numero de mujeres con muestras de pap tomadas,2016-11-01,2,3,13,3,3,24
IXIAMAS,"anticoncepcion, prevencion de its y de cancer de cuello uterino",numero de mujeres con muestras de pap tomadas,2016-11-01,0,0,1,3,2,6
JESUS DE MACHACA,"anticoncepcion, prevencion de its y de cancer de cuello uterino",numero de mujeres con muestras de pap tomadas,2016-11-01,2,7,13,8,16,46
LA ASUNTA,"anticoncepcion, prevencion de its y de cancer de cuello uterino",numero de mujeres con muestras de pap tomadas,2016-11-01,0,9,33,8,3,53
LA GUARDIA,"anticoncepcion, prevencion de its y de cancer de cuello uterino",numero de mujeres con muestras de pap tomadas,2016-11-01,2,59,272,122,53,508
LA PAZ,"anticoncepcion, prevencion de its y de cancer de cuello uterino",numero de mujeres con muestras de pap tomadas,2016-11-01,1,94,1507,1175,536,3313
LAJA,"anticoncepcion, prevencion de its y de cancer de cuello uterino",numero de mujeres con muestras de pap tomadas,2016-11-01,0,3,11,7,2,23
LAS CARRERAS,"anticoncepcion, prevencion de its y de cancer de cuello uterino",numero de mujeres con muestras de pap tomadas,2016-11-01,0,7,42,29,23,101
LLALLAGUA,"anticoncepcion, prevencion de its y de cancer de cuello uterino",numero de mujeres con muestras de pap tomadas,2016-11-01,0,2,21,6,3,32
LLICA,"anticoncepcion, prevencion de its y de cancer de cuello uterino",numero de mujeres con muestras de pap tomadas,2016-11-01,0,0,3,1,0,4
LURIBAY,"anticoncepcion, prevencion de its y de cancer de cuello uterino",numero de mujeres con muestras de pap tomadas,2016-11-01,0,0,1,2,2,5
MACHACAMARCA,"anticoncepcion, prevencion de its y de cancer de cuello uterino",numero de mujeres con muestras de pap tomadas,2016-11-01,0,2,4,2,1,9
MACHARETI,"anticoncepcion, prevencion de its y de cancer de cuello uterino",numero de mujeres con muestras de pap tomadas,2016-11-01,1,7,26,11,0,45
MAGDALENA,"anticoncepcion, prevencion de its y de cancer de cuello uterino",numero de mujeres con muestras de pap tomadas,2016-11-01,0,0,2,1,0,3
MAIRANA,"anticoncepcion, prevencion de its y de cancer de cuello uterino",numero de mujeres con muestras de pap tomadas,2016-11-01,0,0,6,1,1,8
MALLA,"anticoncepcion, prevencion de its y de cancer de cuello uterino",numero de mujeres con muestras de pap tomadas,2016-11-01,0,1,1,1,2,5
MAPIRI,"anticoncepcion, prevencion de its y de cancer de cuello uterino",numero de mujeres con muestras de pap tomadas,2016-11-01,0,0,22,8,4,34
MECAPACA,"anticoncepcion, prevencion de its y de cancer de cuello uterino",numero de mujeres con muestras de pap tomadas,2016-11-01,0,4,33,11,2,50
MINEROS,"anticoncepcion, prevencion de its y de cancer de cuello uterino",numero de mujeres con muestras de pap tomadas,2016-11-01,0,6,30,11,2,49
MIZQUE,"anticoncepcion, prevencion de its y de cancer de cuello uterino",numero de mujeres con muestras de pap tomadas,2016-11-01,1,7,60,69,52,189
MOCOMOCO,"anticoncepcion, prevencion de its y de cancer de cuello uterino",numero de mujeres con muestras de pap tomadas,2016-11-01,0,1,9,7,4,21
MOJINETE,"anticoncepcion, prevencion de its y de cancer de cuello uterino",numero de mujeres con muestras de pap tomadas,2016-11-01,0,0,1,1,0,2
MOJOCOYA,"anticoncepcion, prevencion de its y de cancer de cuello uterino",numero de mujeres con muestras de pap tomadas,2016-11-01,0,13,40,35,44,132
MONTEAGUDO,"anticoncepcion, prevencion de its y de cancer de cuello uterino",numero de mujeres con muestras de pap tomadas,2016-11-01,2,21,168,106,59,356
MONTERO,"anticoncepcion, prevencion de its y de cancer de cuello uterino",numero de mujeres con muestras de pap tomadas,2016-11-01,8,33,161,71,26,299
MORO MORO,"anticoncepcion, prevencion de its y de cancer de cuello uterino",numero de mujeres con muestras de pap tomadas,2016-11-01,0,0,2,6,1,9
MOROCHATA,"anticoncepcion, prevencion de its y de cancer de cuello uterino",numero de mujeres con muestras de pap tomadas,2016-11-01,0,1,0,4,1,6
NAZACARA DE PACAJES,"anticoncepcion, prevencion de its y de cancer de cuello uterino",numero de mujeres con muestras de pap tomadas,2016-11-01,0,0,2,0,1,3
OCURI,"anticoncepcion, prevencion de its y de cancer de cuello uterino",numero de mujeres con muestras de pap tomadas,2016-11-01,0,1,1,3,0,5
OKINAWA,"anticoncepcion, prevencion de its y de cancer de cuello uterino",numero de mujeres con muestras de pap tomadas,2016-11-01,0,0,9,0,0,9
OMEREQUE,"anticoncepcion, prevencion de its y de cancer de cuello uterino",numero de mujeres con muestras de pap tomadas,2016-11-01,0,3,26,29,7,65
ORURO,"anticoncepcion, prevencion de its y de cancer de cuello uterino",numero de mujeres con muestras de pap tomadas,2016-11-01,0,41,524,285,121,971
PADCAYA,"anticoncepcion, prevencion de its y de cancer de cuello uterino",numero de mujeres con muestras de pap tomadas,2016-11-01,1,8,61,36,23,129
PADILLA,"anticoncepcion, prevencion de its y de cancer de cuello uterino",numero de mujeres con muestras de pap tomadas,2016-11-01,2,22,79,58,25,186
PAILON,"anticoncepcion, prevencion de its y de cancer de cuello uterino",numero de mujeres con muestras de pap tomadas,2016-11-01,0,0,19,5,1,25
PALCA,"anticoncepcion, prevencion de its y de cancer de cuello uterino",numero de mujeres con muestras de pap tomadas,2016-11-01,0,6,38,25,11,80
PALOS BLANCOS,"anticoncepcion, prevencion de its y de cancer de cuello uterino",numero de mujeres con muestras de pap tomadas,2016-11-01,0,8,62,32,11,113
PAMPA GRANDE,"anticoncepcion, prevencion de its y de cancer de cuello uterino",numero de mujeres con muestras de pap tomadas,2016-11-01,0,1,3,2,1,7
PAPEL PAMPA,"anticoncepcion, prevencion de its y de cancer de cuello uterino",numero de mujeres con muestras de pap tomadas,2016-11-01,0,2,5,4,1,12
PASORAPA,"anticoncepcion, prevencion de its y de cancer de cuello uterino",numero de mujeres con muestras de pap tomadas,2016-11-01,0,0,2,8,3,13
PATACAMAYA,"anticoncepcion, prevencion de its y de cancer de cuello uterino",numero de mujeres con muestras de pap tomadas,2016-11-01,0,0,12,6,3,21
PAZÑA,"anticoncepcion, prevencion de its y de cancer de cuello uterino",numero de mujeres con muestras de pap tomadas,2016-11-01,0,0,23,8,2,33
PELECHUCO,"anticoncepcion, prevencion de its y de cancer de cuello uterino",numero de mujeres con muestras de pap tomadas,2016-11-01,0,0,5,3,0,8
POCOATA,"anticoncepcion, prevencion de its y de cancer de cuello uterino",numero de mujeres con muestras de pap tomadas,2016-11-01,0,3,26,13,2,44
POCONA,"anticoncepcion, prevencion de its y de cancer de cuello uterino",numero de mujeres con muestras de pap tomadas,2016-11-01,0,1,18,9,3,31
POJO (CBBA),"anticoncepcion, prevencion de its y de cancer de cuello uterino",numero de mujeres con muestras de pap tomadas,2016-11-01,1,2,8,3,1,15
PORCO,"anticoncepcion, prevencion de its y de cancer de cuello uterino",numero de mujeres con muestras de pap tomadas,2016-11-01,0,1,6,3,0,10
POROMA,"anticoncepcion, prevencion de its y de cancer de cuello uterino",numero de mujeres con muestras de pap tomadas,2016-11-01,0,57,45,41,10,153
PORONGO,"anticoncepcion, prevencion de its y de cancer de cuello uterino",numero de mujeres con muestras de pap tomadas,2016-11-01,0,3,13,3,1,20
PORTACHUELO,"anticoncepcion, prevencion de its y de cancer de cuello uterino",numero de mujeres con muestras de pap tomadas,2016-11-01,0,15,29,8,1,53
PORVENIR,"anticoncepcion, prevencion de its y de cancer de cuello uterino",numero de mujeres con muestras de pap tomadas,2016-11-01,0,0,4,0,0,4
POSTRER VALLE,"anticoncepcion, prevencion de its y de cancer de cuello uterino",numero de mujeres con muestras de pap tomadas,2016-11-01,0,2,4,3,3,12
POTOSI,"anticoncepcion, prevencion de its y de cancer de cuello uterino",numero de mujeres con muestras de pap tomadas,2016-11-01,0,27,221,173,40,461
PRESTO,"anticoncepcion, prevencion de its y de cancer de cuello uterino",numero de mujeres con muestras de pap tomadas,2016-11-01,0,14,31,35,32,112
PUCARA,"anticoncepcion, prevencion de its y de cancer de cuello uterino",numero de mujeres con muestras de pap tomadas,2016-11-01,0,0,0,1,0,1
PUCARANI,"anticoncepcion, prevencion de its y de cancer de cuello uterino",numero de mujeres con muestras de pap tomadas,2016-11-01,0,4,22,23,8,57
PUERTO ACOSTA,"anticoncepcion, prevencion de its y de cancer de cuello uterino",numero de mujeres con muestras de pap tomadas,2016-11-01,0,0,1,2,2,5
PUERTO CARABUCO,"anticoncepcion, prevencion de its y de cancer de cuello uterino",numero de mujeres con muestras de pap tomadas,2016-11-01,0,0,17,11,2,30
PUERTO GONZALO MORENO,"anticoncepcion, prevencion de its y de cancer de cuello uterino",numero de mujeres con muestras de pap tomadas,2016-11-01,0,2,11,2,1,16
PUERTO PEREZ,"anticoncepcion, prevencion de its y de cancer de cuello uterino",numero de mujeres con muestras de pap tomadas,2016-11-01,0,0,3,3,2,8
PUERTO QUIJARRO,"anticoncepcion, prevencion de its y de cancer de cuello uterino",numero de mujeres con muestras de pap tomadas,2016-11-01,0,0,10,4,2,16
PUERTO RICO,"anticoncepcion, prevencion de its y de cancer de cuello uterino",numero de mujeres con muestras de pap tomadas,2016-11-01,0,1,2,1,0,4
PUERTO SUAREZ,"anticoncepcion, prevencion de its y de cancer de cuello uterino",numero de mujeres con muestras de pap tomadas,2016-11-01,1,10,53,29,7,100
PUERTO VILLARROEL,"anticoncepcion, prevencion de its y de cancer de cuello uterino",numero de mujeres con muestras de pap tomadas,2016-11-01,3,34,101,23,9,170
PUNA,"anticoncepcion, prevencion de its y de cancer de cuello uterino",numero de mujeres con muestras de pap tomadas,2016-11-01,1,7,43,36,15,102
PUNATA,"anticoncepcion, prevencion de its y de cancer de cuello uterino",numero de mujeres con muestras de pap tomadas,2016-11-01,0,5,37,26,18,86
QUIABAYA,"anticoncepcion, prevencion de its y de cancer de cuello uterino",numero de mujeres con muestras de pap tomadas,2016-11-01,0,1,0,2,0,3
QUILLACOLLO,"anticoncepcion, prevencion de its y de cancer de cuello uterino",numero de mujeres con muestras de pap tomadas,2016-11-01,0,51,234,93,40,418
QUIME,"anticoncepcion, prevencion de its y de cancer de cuello uterino",numero de mujeres con muestras de pap tomadas,2016-11-01,0,0,2,1,0,3
QUIRUSILLAS,"anticoncepcion, prevencion de its y de cancer de cuello uterino",numero de mujeres con muestras de pap tomadas,2016-11-01,0,0,5,2,1,8
RAVELO,"anticoncepcion, prevencion de its y de cancer de cuello uterino",numero de mujeres con muestras de pap tomadas,2016-11-01,0,1,8,18,5,32
RIBERALTA,"anticoncepcion, prevencion de its y de cancer de cuello uterino",numero de mujeres con muestras de pap tomadas,2016-11-01,6,60,142,42,7,257
ROBORE,"anticoncepcion, prevencion de its y de cancer de cuello uterino",numero de mujeres con muestras de pap tomadas,2016-11-01,0,3,21,8,2,34
RURRENABAQUE,"anticoncepcion, prevencion de its y de cancer de cuello uterino",numero de mujeres con muestras de pap tomadas,2016-11-01,0,1,19,9,2,31
SABAYA,"anticoncepcion, prevencion de its y de cancer de cuello uterino",numero de mujeres con muestras de pap tomadas,2016-11-01,0,0,6,4,0,10
SACABA,"anticoncepcion, prevencion de its y de cancer de cuello uterino",numero de mujeres con muestras de pap tomadas,2016-11-01,0,40,288,132,62,522
SACABAMBA,"anticoncepcion, prevencion de its y de cancer de cuello uterino",numero de mujeres con muestras de pap tomadas,2016-11-01,0,0,11,2,2,15
SACACA,"anticoncepcion, prevencion de its y de cancer de cuello uterino",numero de mujeres con muestras de pap tomadas,2016-11-01,0,4,25,15,2,46
SAIPINA,"anticoncepcion, prevencion de its y de cancer de cuello uterino",numero de mujeres con muestras de pap tomadas,2016-11-01,0,0,5,0,1,6
SALINAS DE GARCI MENDOZA,"anticoncepcion, prevencion de its y de cancer de cuello uterino",numero de mujeres con muestras de pap tomadas,2016-11-01,0,2,9,2,6,19
SAMAIPATA,"anticoncepcion, prevencion de its y de cancer de cuello uterino",numero de mujeres con muestras de pap tomadas,2016-11-01,0,3,9,3,1,16
SAN ANDRES,"anticoncepcion, prevencion de its y de cancer de cuello uterino",numero de mujeres con muestras de pap tomadas,2016-11-01,0,3,7,5,1,16
SAN ANDRES DE MACHACA,"anticoncepcion, prevencion de its y de cancer de cuello uterino",numero de mujeres con muestras de pap tomadas,2016-11-01,0,0,0,4,2,6
SAN ANTONIO DE ESMORUCO,"anticoncepcion, prevencion de its y de cancer de cuello uterino",numero de mujeres con muestras de pap tomadas,2016-11-01,0,0,5,0,0,5
SAN ANTONIO DE LOMERIO,"anticoncepcion, prevencion de its y de cancer de cuello uterino",numero de mujeres con muestras de pap tomadas,2016-11-01,0,0,1,2,0,3
SAN BENITO,"anticoncepcion, prevencion de its y de cancer de cuello uterino",numero de mujeres con muestras de pap tomadas,2016-11-01,0,1,6,4,0,11
SAN BORJA,"anticoncepcion, prevencion de its y de cancer de cuello uterino",numero de mujeres con muestras de pap tomadas,2016-11-01,0,0,0,4,1,5
SAN BUENA VENTURA,"anticoncepcion, prevencion de its y de cancer de cuello uterino",numero de mujeres con muestras de pap tomadas,2016-11-01,0,1,1,2,0,4
SAN CARLOS,"anticoncepcion, prevencion de its y de cancer de cuello uterino",numero de mujeres con muestras de pap tomadas,2016-11-01,0,9,27,8,2,46
SAN IGNACIO,"anticoncepcion, prevencion de its y de cancer de cuello uterino",numero de mujeres con muestras de pap tomadas,2016-11-01,0,0,2,1,0,3
SAN IGNACIO DE VELASCO,"anticoncepcion, prevencion de its y de cancer de cuello uterino",numero de mujeres con muestras de pap tomadas,2016-11-01,3,19,79,27,3,131
SAN JAVIER(BNI),"anticoncepcion, prevencion de its y de cancer de cuello uterino",numero de mujeres con muestras de pap tomadas,2016-11-01,0,6,7,1,0,14
SAN JAVIER(STC),"anticoncepcion, prevencion de its y de cancer de cuello uterino",numero de mujeres con muestras de pap tomadas,2016-11-01,0,1,10,0,0,11
SAN JOSE DE CHIQUITOS,"anticoncepcion, prevencion de its y de cancer de cuello uterino",numero de mujeres con muestras de pap tomadas,2016-11-01,1,8,55,39,9,112
SAN JUAN DE YAPACANI,"anticoncepcion, prevencion de its y de cancer de cuello uterino",numero de mujeres con muestras de pap tomadas,2016-11-01,0,0,28,25,7,60
SAN JULIAN,"anticoncepcion, prevencion de its y de cancer de cuello uterino",numero de mujeres con muestras de pap tomadas,2016-11-01,0,16,62,46,15,139
SAN LORENZO(PND),"anticoncepcion, prevencion de its y de cancer de cuello uterino",numero de mujeres con muestras de pap tomadas,2016-11-01,0,0,1,1,0,2
SAN LORENZO(TJA),"anticoncepcion, prevencion de its y de cancer de cuello uterino",numero de mujeres con muestras de pap tomadas,2016-11-01,0,5,34,29,8,76
SAN LUCAS,"anticoncepcion, prevencion de its y de cancer de cuello uterino",numero de mujeres con muestras de pap tomadas,2016-11-01,0,17,74,103,37,231
SAN MATIAS,"anticoncepcion, prevencion de its y de cancer de cuello uterino",numero de mujeres con muestras de pap tomadas,2016-11-01,0,3,5,1,1,10
SAN MIGUEL DE VELASCO,"anticoncepcion, prevencion de its y de cancer de cuello uterino",numero de mujeres con muestras de pap tomadas,2016-11-01,0,2,2,6,1,11
SAN PABLO DE LIPEZ,"anticoncepcion, prevencion de its y de cancer de cuello uterino",numero de mujeres con muestras de pap tomadas,2016-11-01,0,0,2,4,1,7
SAN PEDRO,"anticoncepcion, prevencion de its y de cancer de cuello uterino",numero de mujeres con muestras de pap tomadas,2016-11-01,0,1,25,18,7,51
SAN PEDRO DE BUENA VISTA,"anticoncepcion, prevencion de its y de cancer de cuello uterino",numero de mujeres con muestras de pap tomadas,2016-11-01,2,16,60,26,4,108
SAN PEDRO DE CURAHUARA,"anticoncepcion, prevencion de its y de cancer de cuello uterino",numero de mujeres con muestras de pap tomadas,2016-11-01,0,2,15,7,1,25
SAN PEDRO DE QUEMES,"anticoncepcion, prevencion de its y de cancer de cuello uterino",numero de mujeres con muestras de pap tomadas,2016-11-01,0,1,2,0,0,3
SAN PEDRO DE TIQUINA,"anticoncepcion, prevencion de its y de cancer de cuello uterino",numero de mujeres con muestras de pap tomadas,2016-11-01,0,1,0,1,3,5
SAN PEDRO(PND),"anticoncepcion, prevencion de its y de cancer de cuello uterino",numero de mujeres con muestras de pap tomadas,2016-11-01,0,1,1,0,0,2
SAN RAFAEL,"anticoncepcion, prevencion de its y de cancer de cuello uterino",numero de mujeres con muestras de pap tomadas,2016-11-01,0,0,1,3,0,4
SAN RAMON BENI,"anticoncepcion, prevencion de its y de cancer de cuello uterino",numero de mujeres con muestras de pap tomadas,2016-11-01,0,1,1,1,0,3
SAN RAMON SCZ,"anticoncepcion, prevencion de its y de cancer de cuello uterino",numero de mujeres con muestras de pap tomadas,2016-11-01,0,1,12,5,1,19
SANTA CRUZ DE LA SIERRA,"anticoncepcion, prevencion de its y de cancer de cuello uterino",numero de mujeres con muestras de pap tomadas,2016-11-01,8,296,2264,1366,506,4440
SANTA ROSA DEL SARA,"anticoncepcion, prevencion de its y de cancer de cuello uterino",numero de mujeres con muestras de pap tomadas,2016-11-01,0,4,28,17,2,51
SANTIAGO DE HUARI,"anticoncepcion, prevencion de its y de cancer de cuello uterino",numero de mujeres con muestras de pap tomadas,2016-11-01,0,0,3,0,0,3
SANTIAGO DE HUATA,"anticoncepcion, prevencion de its y de cancer de cuello uterino",numero de mujeres con muestras de pap tomadas,2016-11-01,0,0,2,3,3,8
SANTIAGO DE MACHACA,"anticoncepcion, prevencion de its y de cancer de cuello uterino",numero de mujeres con muestras de pap tomadas,2016-11-01,0,1,1,0,1,3
SANTIVAÑES,"anticoncepcion, prevencion de its y de cancer de cuello uterino",numero de mujeres con muestras de pap tomadas,2016-11-01,0,0,12,6,3,21
SANTUARIO DE QUILLACAS,"anticoncepcion, prevencion de its y de cancer de cuello uterino",numero de mujeres con muestras de pap tomadas,2016-11-01,0,1,3,1,2,7
SAPAHAQUI,"anticoncepcion, prevencion de its y de cancer de cuello uterino",numero de mujeres con muestras de pap tomadas,2016-11-01,0,0,2,2,1,5
SENA,"anticoncepcion, prevencion de its y de cancer de cuello uterino",numero de mujeres con muestras de pap tomadas,2016-11-01,0,0,1,0,0,1
SHINAOTA,"anticoncepcion, prevencion de its y de cancer de cuello uterino",numero de mujeres con muestras de pap tomadas,2016-11-01,0,1,15,2,0,18
SICA SICA (VILLA AROMA),"anticoncepcion, prevencion de its y de cancer de cuello uterino",numero de mujeres con muestras de pap tomadas,2016-11-01,0,4,12,6,2,24
SICAYA,"anticoncepcion, prevencion de its y de cancer de cuello uterino",numero de mujeres con muestras de pap tomadas,2016-11-01,0,0,16,5,0,21
SIPE SIPE,"anticoncepcion, prevencion de its y de cancer de cuello uterino",numero de mujeres con muestras de pap tomadas,2016-11-01,0,4,42,15,10,71
SOPACHUY,"anticoncepcion, prevencion de its y de cancer de cuello uterino",numero de mujeres con muestras de pap tomadas,2016-11-01,1,8,27,33,17,86
SORACACHI,"anticoncepcion, prevencion de its y de cancer de cuello uterino",numero de mujeres con muestras de pap tomadas,2016-11-01,0,0,0,1,0,1
SORATA,"anticoncepcion, prevencion de its y de cancer de cuello uterino",numero de mujeres con muestras de pap tomadas,2016-11-01,0,6,34,14,5,59
SUCRE,"anticoncepcion, prevencion de its y de cancer de cuello uterino",numero de mujeres con muestras de pap tomadas,2016-11-01,8,230,1584,758,290,2870
TACACHI,"anticoncepcion, prevencion de its y de cancer de cuello uterino",numero de mujeres con muestras de pap tomadas,2016-11-01,0,1,12,6,6,25
TACACOMA,"anticoncepcion, prevencion de its y de cancer de cuello uterino",numero de mujeres con muestras de pap tomadas,2016-11-01,0,3,2,3,0,8
TACOBAMBA,"anticoncepcion, prevencion de its y de cancer de cuello uterino",numero de mujeres con muestras de pap tomadas,2016-11-01,0,1,4,2,6,13
TACOPAYA,"anticoncepcion, prevencion de its y de cancer de cuello uterino",numero de mujeres con muestras de pap tomadas,2016-11-01,0,0,1,6,1,8
TAHUA,"anticoncepcion, prevencion de its y de cancer de cuello uterino",numero de mujeres con muestras de pap tomadas,2016-11-01,0,0,9,5,10,24
TAPACARI,"anticoncepcion, prevencion de its y de cancer de cuello uterino",numero de mujeres con muestras de pap tomadas,2016-11-01,0,6,36,17,3,62
TARABUCO,"anticoncepcion, prevencion de its y de cancer de cuello uterino",numero de mujeres con muestras de pap tomadas,2016-11-01,1,4,23,17,9,54
TARACO,"anticoncepcion, prevencion de its y de cancer de cuello uterino",numero de mujeres con muestras de pap tomadas,2016-11-01,0,1,2,5,3,11
TARATA,"anticoncepcion, prevencion de its y de cancer de cuello uterino",numero de mujeres con muestras de pap tomadas,2016-11-01,0,1,3,2,3,9
TARIJA,"anticoncepcion, prevencion de its y de cancer de cuello uterino",numero de mujeres con muestras de pap tomadas,2016-11-01,1,67,506,407,160,1141
TARVITA,"anticoncepcion, prevencion de its y de cancer de cuello uterino",numero de mujeres con muestras de pap tomadas,2016-11-01,1,3,8,13,9,34
TEOPONTE,"anticoncepcion, prevencion de its y de cancer de cuello uterino",numero de mujeres con muestras de pap tomadas,2016-11-01,1,12,38,14,3,68
TIAWANACU,"anticoncepcion, prevencion de its y de cancer de cuello uterino",numero de mujeres con muestras de pap tomadas,2016-11-01,0,3,13,5,5,26
TINGUIPAYA,"anticoncepcion, prevencion de its y de cancer de cuello uterino",numero de mujeres con muestras de pap tomadas,2016-11-01,0,3,28,38,9,78
TIPUANI,"anticoncepcion, prevencion de its y de cancer de cuello uterino",numero de mujeres con muestras de pap tomadas,2016-11-01,0,5,17,14,2,38
TIQUIPAYA,"anticoncepcion, prevencion de its y de cancer de cuello uterino",numero de mujeres con muestras de pap tomadas,2016-11-01,0,14,89,69,23,195
TIRAQUE (CBBA),"anticoncepcion, prevencion de its y de cancer de cuello uterino",numero de mujeres con muestras de pap tomadas,2016-11-01,0,3,13,7,3,26
TITO YUPANQUI (PARQUIPUJIO),"anticoncepcion, prevencion de its y de cancer de cuello uterino",numero de mujeres con muestras de pap tomadas,2016-11-01,0,0,3,1,2,6
TOCO,"anticoncepcion, prevencion de its y de cancer de cuello uterino",numero de mujeres con muestras de pap tomadas,2016-11-01,1,4,19,11,5,40
TODOS SANTOS,"anticoncepcion, prevencion de its y de cancer de cuello uterino",numero de mujeres con muestras de pap tomadas,2016-11-01,0,1,0,0,0,1
TOLATA,"anticoncepcion, prevencion de its y de cancer de cuello uterino",numero de mujeres con muestras de pap tomadas,2016-11-01,0,6,9,3,11,29
TOLEDO,"anticoncepcion, prevencion de its y de cancer de cuello uterino",numero de mujeres con muestras de pap tomadas,2016-11-01,0,0,0,1,0,1
TOMAVE,"anticoncepcion, prevencion de its y de cancer de cuello uterino",numero de mujeres con muestras de pap tomadas,2016-11-01,0,1,15,11,5,32
TOMINA,"anticoncepcion, prevencion de its y de cancer de cuello uterino",numero de mujeres con muestras de pap tomadas,2016-11-01,0,0,2,6,0,8
TORO TORO,"anticoncepcion, prevencion de its y de cancer de cuello uterino",numero de mujeres con muestras de pap tomadas,2016-11-01,0,7,50,35,10,102
TOTORA(CBBA),"anticoncepcion, prevencion de its y de cancer de cuello uterino",numero de mujeres con muestras de pap tomadas,2016-11-01,0,2,7,4,2,15
TOTORA(ORR),"anticoncepcion, prevencion de its y de cancer de cuello uterino",numero de mujeres con muestras de pap tomadas,2016-11-01,0,0,2,0,0,2
TRIGAL,"anticoncepcion, prevencion de its y de cancer de cuello uterino",numero de mujeres con muestras de pap tomadas,2016-11-01,0,1,0,1,1,3
TRINIDAD,"anticoncepcion, prevencion de its y de cancer de cuello uterino",numero de mujeres con muestras de pap tomadas,2016-11-01,2,22,96,76,25,221
TUPIZA,"anticoncepcion, prevencion de its y de cancer de cuello uterino",numero de mujeres con muestras de pap tomadas,2016-11-01,0,8,57,44,12,121
TURCO,"anticoncepcion, prevencion de its y de cancer de cuello uterino",numero de mujeres con muestras de pap tomadas,2016-11-01,0,0,4,5,2,11
UMALA,"anticoncepcion, prevencion de its y de cancer de cuello uterino",numero de mujeres con muestras de pap tomadas,2016-11-01,0,0,2,2,2,6
UNCIA,"anticoncepcion, prevencion de its y de cancer de cuello uterino",numero de mujeres con muestras de pap tomadas,2016-11-01,0,1,6,4,6,17
URIONDO (A. CONCEPCION),"anticoncepcion, prevencion de its y de cancer de cuello uterino",numero de mujeres con muestras de pap tomadas,2016-11-01,0,10,48,42,15,115
URUBICHA,"anticoncepcion, prevencion de its y de cancer de cuello uterino",numero de mujeres con muestras de pap tomadas,2016-11-01,0,1,14,9,0,24
UYUNI,"anticoncepcion, prevencion de its y de cancer de cuello uterino",numero de mujeres con muestras de pap tomadas,2016-11-01,0,3,47,20,8,78
VACAS,"anticoncepcion, prevencion de its y de cancer de cuello uterino",numero de mujeres con muestras de pap tomadas,2016-11-01,0,2,2,5,0,9
VALLEGRANDE,"anticoncepcion, prevencion de its y de cancer de cuello uterino",numero de mujeres con muestras de pap tomadas,2016-11-01,1,15,46,27,11,100
VIACHA,"anticoncepcion, prevencion de its y de cancer de cuello uterino",numero de mujeres con muestras de pap tomadas,2016-11-01,0,10,107,59,27,203
VILLA CHARCAS,"anticoncepcion, prevencion de its y de cancer de cuello uterino",numero de mujeres con muestras de pap tomadas,2016-11-01,0,20,72,51,18,161
VILLA MONTES,"anticoncepcion, prevencion de its y de cancer de cuello uterino",numero de mujeres con muestras de pap tomadas,2016-11-01,2,48,206,90,28,374
VILLA NUEVA (LOMA ALTA),"anticoncepcion, prevencion de its y de cancer de cuello uterino",numero de mujeres con muestras de pap tomadas,2016-11-01,0,2,7,7,2,18
VILLA RIVERO,"anticoncepcion, prevencion de its y de cancer de cuello uterino",numero de mujeres con muestras de pap tomadas,2016-11-01,0,1,7,3,1,12
VILLA SERRANO,"anticoncepcion, prevencion de its y de cancer de cuello uterino",numero de mujeres con muestras de pap tomadas,2016-11-01,0,6,23,33,10,72
VILLA TUNARI,"anticoncepcion, prevencion de its y de cancer de cuello uterino",numero de mujeres con muestras de pap tomadas,2016-11-01,1,1,103,75,19,199
VILLA VACA GUZMAN (MUYUPAMPA),"anticoncepcion, prevencion de its y de cancer de cuello uterino",numero de mujeres con muestras de pap tomadas,2016-11-01,0,7,46,24,20,97
VILLAZON,"anticoncepcion, prevencion de its y de cancer de cuello uterino",numero de mujeres con muestras de pap tomadas,2016-11-01,1,16,114,73,30,234
VINTO,"anticoncepcion, prevencion de its y de cancer de cuello uterino",numero de mujeres con muestras de pap tomadas,2016-11-01,0,2,19,13,6,40
VITICHI,"anticoncepcion, prevencion de its y de cancer de cuello uterino",numero de mujeres con muestras de pap tomadas,2016-11-01,0,2,34,46,29,111
WALDO BALLIVIAN,"anticoncepcion, prevencion de its y de cancer de cuello uterino",numero de mujeres con muestras de pap tomadas,2016-11-01,0,0,1,3,1,5
WARNES,"anticoncepcion, prevencion de its y de cancer de cuello uterino",numero de mujeres con muestras de pap tomadas,2016-11-01,1,27,127,53,12,220
YACO,"anticoncepcion, prevencion de its y de cancer de cuello uterino",numero de mujeres con muestras de pap tomadas,2016-11-01,0,0,2,2,1,5
YACUIBA,"anticoncepcion, prevencion de its y de cancer de cuello uterino",numero de mujeres con muestras de pap tomadas,2016-11-01,0,15,165,115,65,360
YAMPARAEZ,"anticoncepcion, prevencion de its y de cancer de cuello uterino",numero de mujeres con muestras de pap tomadas,2016-11-01,0,10,34,24,24,92
YANACACHI,"anticoncepcion, prevencion de its y de cancer de cuello uterino",numero de mujeres con muestras de pap tomadas,2016-11-01,0,0,7,4,2,13
YAPACANI,"anticoncepcion, prevencion de its y de cancer de cuello uterino",numero de mujeres con muestras de pap tomadas,2016-11-01,0,6,37,12,4,59
YOCALLA,"anticoncepcion, prevencion de its y de cancer de cuello uterino",numero de mujeres con muestras de pap tomadas,2016-11-01,0,3,6,6,2,17
YOTALA,"anticoncepcion, prevencion de its y de cancer de cuello uterino",numero de mujeres con muestras de pap tomadas,2016-11-01,0,23,64,65,45,197
YUNCHARA,"anticoncepcion, prevencion de its y de cancer de cuello uterino",numero de mujeres con muestras de pap tomadas,2016-11-01,0,2,18,10,4,34
ZUDAÑEZ,"anticoncepcion, prevencion de its y de cancer de cuello uterino",numero de mujeres con muestras de pap tomadas,2016-11-01,0,12,31,14,19,76
ACACIO,"anticoncepcion, prevencion de its y de cancer de cuello uterino",numero de mujeres con muestras de pap tomadas,2016-12-01,0,1,2,0,0,3
ACHACACHI,"anticoncepcion, prevencion de its y de cancer de cuello uterino",numero de mujeres con muestras de pap tomadas,2016-12-01,0,15,47,14,6,82
ACHOCALLA,"anticoncepcion, prevencion de its y de cancer de cuello uterino",numero de mujeres con muestras de pap tomadas,2016-12-01,0,2,26,8,2,38
AIQUILE,"anticoncepcion, prevencion de its y de cancer de cuello uterino",numero de mujeres con muestras de pap tomadas,2016-12-01,0,5,24,13,4,46
ALCALA,"anticoncepcion, prevencion de its y de cancer de cuello uterino",numero de mujeres con muestras de pap tomadas,2016-12-01,0,1,1,2,2,6
ALTO BENI,"anticoncepcion, prevencion de its y de cancer de cuello uterino",numero de mujeres con muestras de pap tomadas,2016-12-01,0,1,4,2,2,9
ANCORAIMES,"anticoncepcion, prevencion de its y de cancer de cuello uterino",numero de mujeres con muestras de pap tomadas,2016-12-01,0,3,1,2,1,7
ANDAMARCA,"anticoncepcion, prevencion de its y de cancer de cuello uterino",numero de mujeres con muestras de pap tomadas,2016-12-01,0,0,3,0,0,3
ANTEQUERA,"anticoncepcion, prevencion de its y de cancer de cuello uterino",numero de mujeres con muestras de pap tomadas,2016-12-01,0,0,0,1,0,1
ANZALDO,"anticoncepcion, prevencion de its y de cancer de cuello uterino",numero de mujeres con muestras de pap tomadas,2016-12-01,0,0,1,1,0,2
APOLO,"anticoncepcion, prevencion de its y de cancer de cuello uterino",numero de mujeres con muestras de pap tomadas,2016-12-01,0,0,13,4,1,18
ARAMPAMPA,"anticoncepcion, prevencion de its y de cancer de cuello uterino",numero de mujeres con muestras de pap tomadas,2016-12-01,0,4,13,12,1,30
ARANI,"anticoncepcion, prevencion de its y de cancer de cuello uterino",numero de mujeres con muestras de pap tomadas,2016-12-01,0,0,9,4,1,14
ARBIETO,"anticoncepcion, prevencion de its y de cancer de cuello uterino",numero de mujeres con muestras de pap tomadas,2016-12-01,0,9,23,10,3,45
ARQUE,"anticoncepcion, prevencion de its y de cancer de cuello uterino",numero de mujeres con muestras de pap tomadas,2016-12-01,0,1,3,4,1,9
ASCENCION DE GUARAYOS,"anticoncepcion, prevencion de its y de cancer de cuello uterino",numero de mujeres con muestras de pap tomadas,2016-12-01,2,15,55,13,2,87
ATOCHA,"anticoncepcion, prevencion de its y de cancer de cuello uterino",numero de mujeres con muestras de pap tomadas,2016-12-01,0,3,26,23,1,53
AUCAPATA,"anticoncepcion, prevencion de its y de cancer de cuello uterino",numero de mujeres con muestras de pap tomadas,2016-12-01,0,0,5,2,0,7
AYATA,"anticoncepcion, prevencion de its y de cancer de cuello uterino",numero de mujeres con muestras de pap tomadas,2016-12-01,0,7,19,13,2,41
AYO AYO,"anticoncepcion, prevencion de its y de cancer de cuello uterino",numero de mujeres con muestras de pap tomadas,2016-12-01,0,0,4,2,0,6
AYOPAYA (V. DE INDEPENDENCIA),"anticoncepcion, prevencion de its y de cancer de cuello uterino",numero de mujeres con muestras de pap tomadas,2016-12-01,0,1,9,4,2,16
AZURDUY,"anticoncepcion, prevencion de its y de cancer de cuello uterino",numero de mujeres con muestras de pap tomadas,2016-12-01,0,12,40,39,9,100
BATALLAS,"anticoncepcion, prevencion de its y de cancer de cuello uterino",numero de mujeres con muestras de pap tomadas,2016-12-01,0,1,8,2,0,11
BELEN DE ANDAMARCA,"anticoncepcion, prevencion de its y de cancer de cuello uterino",numero de mujeres con muestras de pap tomadas,2016-12-01,0,1,4,4,1,10
BERMEJO,"anticoncepcion, prevencion de its y de cancer de cuello uterino",numero de mujeres con muestras de pap tomadas,2016-12-01,0,9,64,56,13,142
BETANZOS,"anticoncepcion, prevencion de its y de cancer de cuello uterino",numero de mujeres con muestras de pap tomadas,2016-12-01,0,5,15,17,7,44
BOLIVAR,"anticoncepcion, prevencion de its y de cancer de cuello uterino",numero de mujeres con muestras de pap tomadas,2016-12-01,0,0,2,5,0,7
BOLPEBRA,"anticoncepcion, prevencion de its y de cancer de cuello uterino",numero de mujeres con muestras de pap tomadas,2016-12-01,1,3,2,3,0,9
BUENA VISTA,"anticoncepcion, prevencion de its y de cancer de cuello uterino",numero de mujeres con muestras de pap tomadas,2016-12-01,7,4,12,11,0,34
CABEZAS,"anticoncepcion, prevencion de its y de cancer de cuello uterino",numero de mujeres con muestras de pap tomadas,2016-12-01,0,4,14,16,5,39
"CAIZA ""D""","anticoncepcion, prevencion de its y de cancer de cuello uterino",numero de mujeres con muestras de pap tomadas,2016-12-01,0,6,13,11,6,36
CAJUATA,"anticoncepcion, prevencion de its y de cancer de cuello uterino",numero de mujeres con muestras de pap tomadas,2016-12-01,0,0,9,8,2,19
CALACOTO,"anticoncepcion, prevencion de its y de cancer de cuello uterino",numero de mujeres con muestras de pap tomadas,2016-12-01,0,1,8,5,8,22
CALAMARCA,"anticoncepcion, prevencion de its y de cancer de cuello uterino",numero de mujeres con muestras de pap tomadas,2016-12-01,0,3,19,3,0,25
CAMARGO,"anticoncepcion, prevencion de its y de cancer de cuello uterino",numero de mujeres con muestras de pap tomadas,2016-12-01,1,15,24,23,24,87
CAMATAQUI (C. VILLA ABECIA),"anticoncepcion, prevencion de its y de cancer de cuello uterino",numero de mujeres con muestras de pap tomadas,2016-12-01,0,0,2,2,3,7
CAMIRI,"anticoncepcion, prevencion de its y de cancer de cuello uterino",numero de mujeres con muestras de pap tomadas,2016-12-01,0,0,8,7,1,16
CAPINOTA,"anticoncepcion, prevencion de its y de cancer de cuello uterino",numero de mujeres con muestras de pap tomadas,2016-12-01,0,11,49,17,63,140
CAQUIAVIRI,"anticoncepcion, prevencion de its y de cancer de cuello uterino",numero de mujeres con muestras de pap tomadas,2016-12-01,0,0,4,6,0,10
CARACOLLO,"anticoncepcion, prevencion de its y de cancer de cuello uterino",numero de mujeres con muestras de pap tomadas,2016-12-01,0,0,11,12,1,24
CARANAVI,"anticoncepcion, prevencion de its y de cancer de cuello uterino",numero de mujeres con muestras de pap tomadas,2016-12-01,0,20,78,43,12,153
CARAPARI,"anticoncepcion, prevencion de its y de cancer de cuello uterino",numero de mujeres con muestras de pap tomadas,2016-12-01,0,0,4,0,1,5
CARIPUYO,"anticoncepcion, prevencion de its y de cancer de cuello uterino",numero de mujeres con muestras de pap tomadas,2016-12-01,0,1,4,3,1,9
CARMEN RIVERO TORREZ,"anticoncepcion, prevencion de its y de cancer de cuello uterino",numero de mujeres con muestras de pap tomadas,2016-12-01,0,7,10,4,0,21
CHACARILLA,"anticoncepcion, prevencion de its y de cancer de cuello uterino",numero de mujeres con muestras de pap tomadas,2016-12-01,0,0,0,2,0,2
CHALLAPATA,"anticoncepcion, prevencion de its y de cancer de cuello uterino",numero de mujeres con muestras de pap tomadas,2016-12-01,0,1,15,7,2,25
CHAQUI,"anticoncepcion, prevencion de its y de cancer de cuello uterino",numero de mujeres con muestras de pap tomadas,2016-12-01,0,1,13,11,3,28
CHARAGUA,"anticoncepcion, prevencion de its y de cancer de cuello uterino",numero de mujeres con muestras de pap tomadas,2016-12-01,0,0,18,3,1,22
CHARAÑA,"anticoncepcion, prevencion de its y de cancer de cuello uterino",numero de mujeres con muestras de pap tomadas,2016-12-01,0,0,0,0,2,2
CHAYANTA,"anticoncepcion, prevencion de its y de cancer de cuello uterino",numero de mujeres con muestras de pap tomadas,2016-12-01,0,1,3,3,0,7
CHIMORE,"anticoncepcion, prevencion de its y de cancer de cuello uterino",numero de mujeres con muestras de pap tomadas,2016-12-01,0,1,6,4,1,12
CHUA COCANI,"anticoncepcion, prevencion de its y de cancer de cuello uterino",numero de mujeres con muestras de pap tomadas,2016-12-01,0,0,4,2,0,6
CHULUMANI (V. DE LA LIBERTAD),"anticoncepcion, prevencion de its y de cancer de cuello uterino",numero de mujeres con muestras de pap tomadas,2016-12-01,0,0,14,6,3,23
CHUMA,"anticoncepcion, prevencion de its y de cancer de cuello uterino",numero de mujeres con muestras de pap tomadas,2016-12-01,0,9,24,11,28,72
CHUQUIHUTA AYLLU JUCUMANI,"anticoncepcion, prevencion de its y de cancer de cuello uterino",numero de mujeres con muestras de pap tomadas,2016-12-01,0,0,3,2,2,7
CKOCHAS,"anticoncepcion, prevencion de its y de cancer de cuello uterino",numero de mujeres con muestras de pap tomadas,2016-12-01,0,11,41,47,20,119
CLIZA,"anticoncepcion, prevencion de its y de cancer de cuello uterino",numero de mujeres con muestras de pap tomadas,2016-12-01,0,7,33,10,3,53
COBIJA,"anticoncepcion, prevencion de its y de cancer de cuello uterino",numero de mujeres con muestras de pap tomadas,2016-12-01,0,12,65,26,6,109
COCAPATA,"anticoncepcion, prevencion de its y de cancer de cuello uterino",numero de mujeres con muestras de pap tomadas,2016-12-01,0,0,1,5,0,6
COCHABAMBA,"anticoncepcion, prevencion de its y de cancer de cuello uterino",numero de mujeres con muestras de pap tomadas,2016-12-01,2,122,1957,1312,633,4026
COIPASA,"anticoncepcion, prevencion de its y de cancer de cuello uterino",numero de mujeres con muestras de pap tomadas,2016-12-01,0,0,2,0,0,2
COLCAPIRHUA,"anticoncepcion, prevencion de its y de cancer de cuello uterino",numero de mujeres con muestras de pap tomadas,2016-12-01,0,6,36,23,12,77
"COLCHA ""K""","anticoncepcion, prevencion de its y de cancer de cuello uterino",numero de mujeres con muestras de pap tomadas,2016-12-01,0,4,20,2,3,29
COLLANA,"anticoncepcion, prevencion de its y de cancer de cuello uterino",numero de mujeres con muestras de pap tomadas,2016-12-01,0,0,3,0,0,3
COLOMI,"anticoncepcion, prevencion de its y de cancer de cuello uterino",numero de mujeres con muestras de pap tomadas,2016-12-01,0,4,21,3,1,29
COLPA BELGICA,"anticoncepcion, prevencion de its y de cancer de cuello uterino",numero de mujeres con muestras de pap tomadas,2016-12-01,0,0,7,2,0,9
COLQUECHACA,"anticoncepcion, prevencion de its y de cancer de cuello uterino",numero de mujeres con muestras de pap tomadas,2016-12-01,0,2,11,7,5,25
COLQUENCHA,"anticoncepcion, prevencion de its y de cancer de cuello uterino",numero de mujeres con muestras de pap tomadas,2016-12-01,1,1,5,3,2,12
COMARAPA,"anticoncepcion, prevencion de its y de cancer de cuello uterino",numero de mujeres con muestras de pap tomadas,2016-12-01,0,2,15,11,4,32
CONCEPCION,"anticoncepcion, prevencion de its y de cancer de cuello uterino",numero de mujeres con muestras de pap tomadas,2016-12-01,0,6,31,17,1,55
COPACABANA,"anticoncepcion, prevencion de its y de cancer de cuello uterino",numero de mujeres con muestras de pap tomadas,2016-12-01,0,1,1,3,0,5
CORIPATA,"anticoncepcion, prevencion de its y de cancer de cuello uterino",numero de mujeres con muestras de pap tomadas,2016-12-01,0,9,23,8,0,40
CORO CORO,"anticoncepcion, prevencion de its y de cancer de cuello uterino",numero de mujeres con muestras de pap tomadas,2016-12-01,0,0,0,1,1,2
COROICO,"anticoncepcion, prevencion de its y de cancer de cuello uterino",numero de mujeres con muestras de pap tomadas,2016-12-01,0,3,30,6,2,41
CORQUE,"anticoncepcion, prevencion de its y de cancer de cuello uterino",numero de mujeres con muestras de pap tomadas,2016-12-01,0,4,14,18,10,46
COTAGAITA,"anticoncepcion, prevencion de its y de cancer de cuello uterino",numero de mujeres con muestras de pap tomadas,2016-12-01,0,3,5,5,1,14
COTOCA,"anticoncepcion, prevencion de its y de cancer de cuello uterino",numero de mujeres con muestras de pap tomadas,2016-12-01,0,8,64,19,6,97
CUATRO CAÑADAS,"anticoncepcion, prevencion de its y de cancer de cuello uterino",numero de mujeres con muestras de pap tomadas,2016-12-01,0,1,4,5,1,11
CUEVO,"anticoncepcion, prevencion de its y de cancer de cuello uterino",numero de mujeres con muestras de pap tomadas,2016-12-01,0,0,1,0,0,1
CULPINA,"anticoncepcion, prevencion de its y de cancer de cuello uterino",numero de mujeres con muestras de pap tomadas,2016-12-01,1,17,72,76,24,190
CURAHUARA DE CARANGAS,"anticoncepcion, prevencion de its y de cancer de cuello uterino",numero de mujeres con muestras de pap tomadas,2016-12-01,0,0,1,0,0,1
DESAGUADERO,"anticoncepcion, prevencion de its y de cancer de cuello uterino",numero de mujeres con muestras de pap tomadas,2016-12-01,0,0,1,0,0,1
EL ALTO,"anticoncepcion, prevencion de its y de cancer de cuello uterino",numero de mujeres con muestras de pap tomadas,2016-12-01,1,125,1281,974,224,2605
EL CHORO,"anticoncepcion, prevencion de its y de cancer de cuello uterino",numero de mujeres con muestras de pap tomadas,2016-12-01,0,1,8,0,0,9
EL PUENTE(STC),"anticoncepcion, prevencion de its y de cancer de cuello uterino",numero de mujeres con muestras de pap tomadas,2016-12-01,0,3,21,23,9,56
EL PUENTE(TJA),"anticoncepcion, prevencion de its y de cancer de cuello uterino",numero de mujeres con muestras de pap tomadas,2016-12-01,0,0,6,1,0,7
EL TORNO,"anticoncepcion, prevencion de its y de cancer de cuello uterino",numero de mujeres con muestras de pap tomadas,2016-12-01,0,22,94,61,24,201
EL VILLAR,"anticoncepcion, prevencion de its y de cancer de cuello uterino",numero de mujeres con muestras de pap tomadas,2016-12-01,0,2,9,16,29,56
ENTRE RIOS TRJ,"anticoncepcion, prevencion de its y de cancer de cuello uterino",numero de mujeres con muestras de pap tomadas,2016-12-01,0,1,14,7,3,25
ENTRE RIOS CBBA,"anticoncepcion, prevencion de its y de cancer de cuello uterino",numero de mujeres con muestras de pap tomadas,2016-12-01,0,0,7,0,0,7
ESCOMA,"anticoncepcion, prevencion de its y de cancer de cuello uterino",numero de mujeres con muestras de pap tomadas,2016-12-01,0,3,7,0,0,10
EUCALIPTUS,"anticoncepcion, prevencion de its y de cancer de cuello uterino",numero de mujeres con muestras de pap tomadas,2016-12-01,0,2,2,0,0,4
EUREKA (SANTOS MERCADO),"anticoncepcion, prevencion de its y de cancer de cuello uterino",numero de mujeres con muestras de pap tomadas,2016-12-01,0,1,4,2,1,8
FERNANDEZ ALONSO,"anticoncepcion, prevencion de its y de cancer de cuello uterino",numero de mujeres con muestras de pap tomadas,2016-12-01,0,4,22,7,0,33
FILADELFIA,"anticoncepcion, prevencion de its y de cancer de cuello uterino",numero de mujeres con muestras de pap tomadas,2016-12-01,0,3,10,7,2,22
GENERAL SAAVEDRA,"anticoncepcion, prevencion de its y de cancer de cuello uterino",numero de mujeres con muestras de pap tomadas,2016-12-01,0,0,1,5,0,6
GRAL. J.J. PEREZ (CHARAZANI),"anticoncepcion, prevencion de its y de cancer de cuello uterino",numero de mujeres con muestras de pap tomadas,2016-12-01,0,0,4,2,2,8
GUANAY,"anticoncepcion, prevencion de its y de cancer de cuello uterino",numero de mujeres con muestras de pap tomadas,2016-12-01,0,0,4,1,0,5
GUAQUI,"anticoncepcion, prevencion de its y de cancer de cuello uterino",numero de mujeres con muestras de pap tomadas,2016-12-01,0,2,1,2,3,8
GUAYARAMERIN,"anticoncepcion, prevencion de its y de cancer de cuello uterino",numero de mujeres con muestras de pap tomadas,2016-12-01,1,5,15,8,2,31
GUTIERREZ,"anticoncepcion, prevencion de its y de cancer de cuello uterino",numero de mujeres con muestras de pap tomadas,2016-12-01,0,9,24,10,0,43
HUACARETA,"anticoncepcion, prevencion de its y de cancer de cuello uterino",numero de mujeres con muestras de pap tomadas,2016-12-01,0,5,34,37,31,107
HUACAYA (VILLA DE HUACAYA),"anticoncepcion, prevencion de its y de cancer de cuello uterino",numero de mujeres con muestras de pap tomadas,2016-12-01,0,0,4,3,1,8
HUACHACALLA,"anticoncepcion, prevencion de its y de cancer de cuello uterino",numero de mujeres con muestras de pap tomadas,2016-12-01,0,1,4,0,1,6
HUANUNI,"anticoncepcion, prevencion de its y de cancer de cuello uterino",numero de mujeres con muestras de pap tomadas,2016-12-01,0,2,13,9,4,28
HUATAJATA,"anticoncepcion, prevencion de its y de cancer de cuello uterino",numero de mujeres con muestras de pap tomadas,2016-12-01,0,0,0,1,0,1
HUAYLLAMARCA,"anticoncepcion, prevencion de its y de cancer de cuello uterino",numero de mujeres con muestras de pap tomadas,2016-12-01,0,0,9,9,2,20
ICHOCA,"anticoncepcion, prevencion de its y de cancer de cuello uterino",numero de mujeres con muestras de pap tomadas,2016-12-01,0,3,34,27,15,79
ICLA,"anticoncepcion, prevencion de its y de cancer de cuello uterino",numero de mujeres con muestras de pap tomadas,2016-12-01,0,1,9,8,2,20
INCAHUASI,"anticoncepcion, prevencion de its y de cancer de cuello uterino",numero de mujeres con muestras de pap tomadas,2016-12-01,0,11,82,63,21,177
INQUISIVI,"anticoncepcion, prevencion de its y de cancer de cuello uterino",numero de mujeres con muestras de pap tomadas,2016-12-01,0,0,5,2,1,8
IRUPANA (VILLA DE LANZA),"anticoncepcion, prevencion de its y de cancer de cuello uterino",numero de mujeres con muestras de pap tomadas,2016-12-01,0,5,16,17,6,44
IXIAMAS,"anticoncepcion, prevencion de its y de cancer de cuello uterino",numero de mujeres con muestras de pap tomadas,2016-12-01,0,1,4,1,1,7
JESUS DE MACHACA,"anticoncepcion, prevencion de its y de cancer de cuello uterino",numero de mujeres con muestras de pap tomadas,2016-12-01,0,10,16,9,3,38
LA ASUNTA,"anticoncepcion, prevencion de its y de cancer de cuello uterino",numero de mujeres con muestras de pap tomadas,2016-12-01,1,1,12,6,0,20
LA GUARDIA,"anticoncepcion, prevencion de its y de cancer de cuello uterino",numero de mujeres con muestras de pap tomadas,2016-12-01,1,40,221,71,31,364
LA PAZ,"anticoncepcion, prevencion de its y de cancer de cuello uterino",numero de mujeres con muestras de pap tomadas,2016-12-01,2,85,1275,1120,503,2985
LAJA,"anticoncepcion, prevencion de its y de cancer de cuello uterino",numero de mujeres con muestras de pap tomadas,2016-12-01,0,2,6,4,1,13
LAS CARRERAS,"anticoncepcion, prevencion de its y de cancer de cuello uterino",numero de mujeres con muestras de pap tomadas,2016-12-01,0,8,56,32,20,116
LICOMA PAMPA,"anticoncepcion, prevencion de its y de cancer de cuello uterino",numero de mujeres con muestras de pap tomadas,2016-12-01,0,0,1,1,0,2
LLALLAGUA,"anticoncepcion, prevencion de its y de cancer de cuello uterino",numero de mujeres con muestras de pap tomadas,2016-12-01,0,2,8,9,4,23
LLICA,"anticoncepcion, prevencion de its y de cancer de cuello uterino",numero de mujeres con muestras de pap tomadas,2016-12-01,0,0,1,0,0,1
LURIBAY,"anticoncepcion, prevencion de its y de cancer de cuello uterino",numero de mujeres con muestras de pap tomadas,2016-12-01,0,0,2,0,1,3
MACHACAMARCA,"anticoncepcion, prevencion de its y de cancer de cuello uterino",numero de mujeres con muestras de pap tomadas,2016-12-01,0,1,5,4,0,10
MACHARETI,"anticoncepcion, prevencion de its y de cancer de cuello uterino",numero de mujeres con muestras de pap tomadas,2016-12-01,0,4,19,8,8,39
MAGDALENA,"anticoncepcion, prevencion de its y de cancer de cuello uterino",numero de mujeres con muestras de pap tomadas,2016-12-01,0,0,1,0,0,1
MAIRANA,"anticoncepcion, prevencion de its y de cancer de cuello uterino",numero de mujeres con muestras de pap tomadas,2016-12-01,0,0,2,4,1,7
MAPIRI,"anticoncepcion, prevencion de its y de cancer de cuello uterino",numero de mujeres con muestras de pap tomadas,2016-12-01,0,1,17,6,2,26
MECAPACA,"anticoncepcion, prevencion de its y de cancer de cuello uterino",numero de mujeres con muestras de pap tomadas,2016-12-01,0,2,8,5,3,18
MINEROS,"anticoncepcion, prevencion de its y de cancer de cuello uterino",numero de mujeres con muestras de pap tomadas,2016-12-01,0,2,9,5,2,18
MIZQUE,"anticoncepcion, prevencion de its y de cancer de cuello uterino",numero de mujeres con muestras de pap tomadas,2016-12-01,1,2,8,5,1,17
MOCOMOCO,"anticoncepcion, prevencion de its y de cancer de cuello uterino",numero de mujeres con muestras de pap tomadas,2016-12-01,0,1,9,3,3,16
MOJINETE,"anticoncepcion, prevencion de its y de cancer de cuello uterino",numero de mujeres con muestras de pap tomadas,2016-12-01,0,0,1,1,0,2
MOJOCOYA,"anticoncepcion, prevencion de its y de cancer de cuello uterino",numero de mujeres con muestras de pap tomadas,2016-12-01,0,0,1,0,0,1
MONTEAGUDO,"anticoncepcion, prevencion de its y de cancer de cuello uterino",numero de mujeres con muestras de pap tomadas,2016-12-01,1,14,87,49,16,167
MONTERO,"anticoncepcion, prevencion de its y de cancer de cuello uterino",numero de mujeres con muestras de pap tomadas,2016-12-01,9,43,233,80,30,395
MORO MORO,"anticoncepcion, prevencion de its y de cancer de cuello uterino",numero de mujeres con muestras de pap tomadas,2016-12-01,0,1,6,1,0,8
MOROCHATA,"anticoncepcion, prevencion de its y de cancer de cuello uterino",numero de mujeres con muestras de pap tomadas,2016-12-01,0,1,1,3,2,7
NAZACARA DE PACAJES,"anticoncepcion, prevencion de its y de cancer de cuello uterino",numero de mujeres con muestras de pap tomadas,2016-12-01,0,1,0,0,0,1
NUEVO MANOA (NUEVA ESPERANZA),"anticoncepcion, prevencion de its y de cancer de cuello uterino",numero de mujeres con muestras de pap tomadas,2016-12-01,0,1,2,1,0,4
OCURI,"anticoncepcion, prevencion de its y de cancer de cuello uterino",numero de mujeres con muestras de pap tomadas,2016-12-01,0,0,0,1,0,1
OKINAWA,"anticoncepcion, prevencion de its y de cancer de cuello uterino",numero de mujeres con muestras de pap tomadas,2016-12-01,0,1,8,2,1,12
ORURO,"anticoncepcion, prevencion de its y de cancer de cuello uterino",numero de mujeres con muestras de pap tomadas,2016-12-01,0,62,519,311,150,1042
PADCAYA,"anticoncepcion, prevencion de its y de cancer de cuello uterino",numero de mujeres con muestras de pap tomadas,2016-12-01,1,13,83,43,38,178
PADILLA,"anticoncepcion, prevencion de its y de cancer de cuello uterino",numero de mujeres con muestras de pap tomadas,2016-12-01,0,0,20,10,4,34
PAILON,"anticoncepcion, prevencion de its y de cancer de cuello uterino",numero de mujeres con muestras de pap tomadas,2016-12-01,0,0,11,3,0,14
PALCA,"anticoncepcion, prevencion de its y de cancer de cuello uterino",numero de mujeres con muestras de pap tomadas,2016-12-01,0,8,30,11,0,49
PALOS BLANCOS,"anticoncepcion, prevencion de its y de cancer de cuello uterino",numero de mujeres con muestras de pap tomadas,2016-12-01,1,6,66,38,24,135
PAMPA GRANDE,"anticoncepcion, prevencion de its y de cancer de cuello uterino",numero de mujeres con muestras de pap tomadas,2016-12-01,0,2,5,2,1,10
PAPEL PAMPA,"anticoncepcion, prevencion de its y de cancer de cuello uterino",numero de mujeres con muestras de pap tomadas,2016-12-01,0,3,6,3,0,12
PASORAPA,"anticoncepcion, prevencion de its y de cancer de cuello uterino",numero de mujeres con muestras de pap tomadas,2016-12-01,0,0,7,5,4,16
PATACAMAYA,"anticoncepcion, prevencion de its y de cancer de cuello uterino",numero de mujeres con muestras de pap tomadas,2016-12-01,0,0,6,4,2,12
PAZÑA,"anticoncepcion, prevencion de its y de cancer de cuello uterino",numero de mujeres con muestras de pap tomadas,2016-12-01,0,0,4,0,2,6
PELECHUCO,"anticoncepcion, prevencion de its y de cancer de cuello uterino",numero de mujeres con muestras de pap tomadas,2016-12-01,0,4,44,15,18,81
POCOATA,"anticoncepcion, prevencion de its y de cancer de cuello uterino",numero de mujeres con muestras de pap tomadas,2016-12-01,0,7,11,9,2,29
POCONA,"anticoncepcion, prevencion de its y de cancer de cuello uterino",numero de mujeres con muestras de pap tomadas,2016-12-01,0,1,5,0,1,7
POJO (CBBA),"anticoncepcion, prevencion de its y de cancer de cuello uterino",numero de mujeres con muestras de pap tomadas,2016-12-01,0,0,1,2,0,3
PORCO,"anticoncepcion, prevencion de its y de cancer de cuello uterino",numero de mujeres con muestras de pap tomadas,2016-12-01,0,0,1,0,0,1
POROMA,"anticoncepcion, prevencion de its y de cancer de cuello uterino",numero de mujeres con muestras de pap tomadas,2016-12-01,1,6,26,26,10,69
PORONGO,"anticoncepcion, prevencion de its y de cancer de cuello uterino",numero de mujeres con muestras de pap tomadas,2016-12-01,0,5,19,5,5,34
PORTACHUELO,"anticoncepcion, prevencion de its y de cancer de cuello uterino",numero de mujeres con muestras de pap tomadas,2016-12-01,0,5,30,12,8,55
PORVENIR,"anticoncepcion, prevencion de its y de cancer de cuello uterino",numero de mujeres con muestras de pap tomadas,2016-12-01,0,0,0,1,0,1
POSTRER VALLE,"anticoncepcion, prevencion de its y de cancer de cuello uterino",numero de mujeres con muestras de pap tomadas,2016-12-01,0,0,3,1,0,4
POTOSI,"anticoncepcion, prevencion de its y de cancer de cuello uterino",numero de mujeres con muestras de pap tomadas,2016-12-01,0,28,333,182,26,569
PRESTO,"anticoncepcion, prevencion de its y de cancer de cuello uterino",numero de mujeres con muestras de pap tomadas,2016-12-01,0,4,13,7,8,32
PUCARA,"anticoncepcion, prevencion de its y de cancer de cuello uterino",numero de mujeres con muestras de pap tomadas,2016-12-01,0,0,0,2,1,3
PUCARANI,"anticoncepcion, prevencion de its y de cancer de cuello uterino",numero de mujeres con muestras de pap tomadas,2016-12-01,0,9,35,25,8,77
PUERTO ACOSTA,"anticoncepcion, prevencion de its y de cancer de cuello uterino",numero de mujeres con muestras de pap tomadas,2016-12-01,0,1,3,2,0,6
PUERTO CARABUCO,"anticoncepcion, prevencion de its y de cancer de cuello uterino",numero de mujeres con muestras de pap tomadas,2016-12-01,0,1,4,1,1,7
PUERTO GONZALO MORENO,"anticoncepcion, prevencion de its y de cancer de cuello uterino",numero de mujeres con muestras de pap tomadas,2016-12-01,0,6,7,1,1,15
PUERTO PEREZ,"anticoncepcion, prevencion de its y de cancer de cuello uterino",numero de mujeres con muestras de pap tomadas,2016-12-01,0,0,5,2,3,10
PUERTO QUIJARRO,"anticoncepcion, prevencion de its y de cancer de cuello uterino",numero de mujeres con muestras de pap tomadas,2016-12-01,0,0,4,10,1,15
PUERTO RICO,"anticoncepcion, prevencion de its y de cancer de cuello uterino",numero de mujeres con muestras de pap tomadas,2016-12-01,0,6,2,1,0,9
PUERTO SUAREZ,"anticoncepcion, prevencion de its y de cancer de cuello uterino",numero de mujeres con muestras de pap tomadas,2016-12-01,1,8,44,39,19,111
PUERTO VILLARROEL,"anticoncepcion, prevencion de its y de cancer de cuello uterino",numero de mujeres con muestras de pap tomadas,2016-12-01,2,35,89,33,8,167
PUNA,"anticoncepcion, prevencion de its y de cancer de cuello uterino",numero de mujeres con muestras de pap tomadas,2016-12-01,0,11,16,13,3,43
PUNATA,"anticoncepcion, prevencion de its y de cancer de cuello uterino",numero de mujeres con muestras de pap tomadas,2016-12-01,0,13,42,29,9,93
QUIABAYA,"anticoncepcion, prevencion de its y de cancer de cuello uterino",numero de mujeres con muestras de pap tomadas,2016-12-01,0,0,1,1,0,2
QUILLACOLLO,"anticoncepcion, prevencion de its y de cancer de cuello uterino",numero de mujeres con muestras de pap tomadas,2016-12-01,1,37,293,134,78,543
QUIME,"anticoncepcion, prevencion de its y de cancer de cuello uterino",numero de mujeres con muestras de pap tomadas,2016-12-01,0,0,4,2,1,7
QUIRUSILLAS,"anticoncepcion, prevencion de its y de cancer de cuello uterino",numero de mujeres con muestras de pap tomadas,2016-12-01,0,0,6,3,0,9
RAVELO,"anticoncepcion, prevencion de its y de cancer de cuello uterino",numero de mujeres con muestras de pap tomadas,2016-12-01,0,0,1,11,4,16
RIBERALTA,"anticoncepcion, prevencion de its y de cancer de cuello uterino",numero de mujeres con muestras de pap tomadas,2016-12-01,5,57,132,37,7,238
ROBORE,"anticoncepcion, prevencion de its y de cancer de cuello uterino",numero de mujeres con muestras de pap tomadas,2016-12-01,0,1,6,1,1,9
RURRENABAQUE,"anticoncepcion, prevencion de its y de cancer de cuello uterino",numero de mujeres con muestras de pap tomadas,2016-12-01,0,0,4,3,4,11
SABAYA,"anticoncepcion, prevencion de its y de cancer de cuello uterino",numero de mujeres con muestras de pap tomadas,2016-12-01,0,1,8,4,6,19
SACABA,"anticoncepcion, prevencion de its y de cancer de cuello uterino",numero de mujeres con muestras de pap tomadas,2016-12-01,1,50,187,100,34,372
SACABAMBA,"anticoncepcion, prevencion de its y de cancer de cuello uterino",numero de mujeres con muestras de pap tomadas,2016-12-01,0,1,5,1,1,8
SACACA,"anticoncepcion, prevencion de its y de cancer de cuello uterino",numero de mujeres con muestras de pap tomadas,2016-12-01,0,2,5,11,0,18
SAIPINA,"anticoncepcion, prevencion de its y de cancer de cuello uterino",numero de mujeres con muestras de pap tomadas,2016-12-01,0,1,1,3,0,5
SALINAS DE GARCI MENDOZA,"anticoncepcion, prevencion de its y de cancer de cuello uterino",numero de mujeres con muestras de pap tomadas,2016-12-01,0,0,4,5,0,9
SAMAIPATA,"anticoncepcion, prevencion de its y de cancer de cuello uterino",numero de mujeres con muestras de pap tomadas,2016-12-01,0,6,12,7,2,27
SAN AGUSTIN,"anticoncepcion, prevencion de its y de cancer de cuello uterino",numero de mujeres con muestras de pap tomadas,2016-12-01,0,0,3,3,6,12
SAN ANDRES,"anticoncepcion, prevencion de its y de cancer de cuello uterino",numero de mujeres con muestras de pap tomadas,2016-12-01,1,5,14,3,0,23
SAN ANDRES DE MACHACA,"anticoncepcion, prevencion de its y de cancer de cuello uterino",numero de mujeres con muestras de pap tomadas,2016-12-01,0,0,3,2,1,6
SAN ANTONIO DE ESMORUCO,"anticoncepcion, prevencion de its y de cancer de cuello uterino",numero de mujeres con muestras de pap tomadas,2016-12-01,0,0,0,1,0,1
SAN ANTONIO DE LOMERIO,"anticoncepcion, prevencion de its y de cancer de cuello uterino",numero de mujeres con muestras de pap tomadas,2016-12-01,0,0,0,0,1,1
SAN BENITO,"anticoncepcion, prevencion de its y de cancer de cuello uterino",numero de mujeres con muestras de pap tomadas,2016-12-01,0,1,9,3,2,15
SAN BORJA,"anticoncepcion, prevencion de its y de cancer de cuello uterino",numero de mujeres con muestras de pap tomadas,2016-12-01,0,0,0,0,2,2
SAN BUENA VENTURA,"anticoncepcion, prevencion de its y de cancer de cuello uterino",numero de mujeres con muestras de pap tomadas,2016-12-01,0,1,7,3,0,11
SAN CARLOS,"anticoncepcion, prevencion de its y de cancer de cuello uterino",numero de mujeres con muestras de pap tomadas,2016-12-01,0,11,27,8,0,46
SAN IGNACIO,"anticoncepcion, prevencion de its y de cancer de cuello uterino",numero de mujeres con muestras de pap tomadas,2016-12-01,0,2,5,1,0,8
SAN IGNACIO DE VELASCO,"anticoncepcion, prevencion de its y de cancer de cuello uterino",numero de mujeres con muestras de pap tomadas,2016-12-01,2,15,60,30,10,117
SAN JAVIER(STC),"anticoncepcion, prevencion de its y de cancer de cuello uterino",numero de mujeres con muestras de pap tomadas,2016-12-01,0,10,6,2,0,18
SAN JOSE DE CHIQUITOS,"anticoncepcion, prevencion de its y de cancer de cuello uterino",numero de mujeres con muestras de pap tomadas,2016-12-01,0,3,20,8,2,33
SAN JUAN DE YAPACANI,"anticoncepcion, prevencion de its y de cancer de cuello uterino",numero de mujeres con muestras de pap tomadas,2016-12-01,0,2,17,11,8,38
SAN JULIAN,"anticoncepcion, prevencion de its y de cancer de cuello uterino",numero de mujeres con muestras de pap tomadas,2016-12-01,0,4,60,32,13,109
SAN LORENZO(TJA),"anticoncepcion, prevencion de its y de cancer de cuello uterino",numero de mujeres con muestras de pap tomadas,2016-12-01,0,2,23,13,5,43
SAN LUCAS,"anticoncepcion, prevencion de its y de cancer de cuello uterino",numero de mujeres con muestras de pap tomadas,2016-12-01,0,51,212,166,66,495
SAN MATIAS,"anticoncepcion, prevencion de its y de cancer de cuello uterino",numero de mujeres con muestras de pap tomadas,2016-12-01,0,0,0,1,0,1
SAN MIGUEL DE VELASCO,"anticoncepcion, prevencion de its y de cancer de cuello uterino",numero de mujeres con muestras de pap tomadas,2016-12-01,0,0,3,4,0,7
SAN PABLO DE LIPEZ,"anticoncepcion, prevencion de its y de cancer de cuello uterino",numero de mujeres con muestras de pap tomadas,2016-12-01,0,0,1,1,3,5
SAN PEDRO,"anticoncepcion, prevencion de its y de cancer de cuello uterino",numero de mujeres con muestras de pap tomadas,2016-12-01,0,2,9,9,4,24
SAN PEDRO DE BUENA VISTA,"anticoncepcion, prevencion de its y de cancer de cuello uterino",numero de mujeres con muestras de pap tomadas,2016-12-01,0,7,21,20,1,49
SAN PEDRO DE CURAHUARA,"anticoncepcion, prevencion de its y de cancer de cuello uterino",numero de mujeres con muestras de pap tomadas,2016-12-01,0,1,2,1,0,4
SAN PEDRO DE QUEMES,"anticoncepcion, prevencion de its y de cancer de cuello uterino",numero de mujeres con muestras de pap tomadas,2016-12-01,0,0,3,0,0,3
SAN PEDRO DE TIQUINA,"anticoncepcion, prevencion de its y de cancer de cuello uterino",numero de mujeres con muestras de pap tomadas,2016-12-01,0,0,1,1,0,2
SAN RAFAEL,"anticoncepcion, prevencion de its y de cancer de cuello uterino",numero de mujeres con muestras de pap tomadas,2016-12-01,0,0,3,1,0,4
SAN RAMON SCZ,"anticoncepcion, prevencion de its y de cancer de cuello uterino",numero de mujeres con muestras de pap tomadas,2016-12-01,0,2,12,6,1,21
SANTA ANA,"anticoncepcion, prevencion de its y de cancer de cuello uterino",numero de mujeres con muestras de pap tomadas,2016-12-01,0,0,1,1,0,2
SANTA CRUZ DE LA SIERRA,"anticoncepcion, prevencion de its y de cancer de cuello uterino",numero de mujeres con muestras de pap tomadas,2016-12-01,26,315,1606,1095,608,3650
SANTA ROSA DEL SARA,"anticoncepcion, prevencion de its y de cancer de cuello uterino",numero de mujeres con muestras de pap tomadas,2016-12-01,0,3,14,10,1,28
SANTIAGO DE HUARI,"anticoncepcion, prevencion de its y de cancer de cuello uterino",numero de mujeres con muestras de pap tomadas,2016-12-01,0,2,8,3,0,13
SANTIAGO DE HUATA,"anticoncepcion, prevencion de its y de cancer de cuello uterino",numero de mujeres con muestras de pap tomadas,2016-12-01,1,2,7,4,11,25
SANTIAGO DE MACHACA,"anticoncepcion, prevencion de its y de cancer de cuello uterino",numero de mujeres con muestras de pap tomadas,2016-12-01,0,0,1,0,1,2
SANTIVAÑES,"anticoncepcion, prevencion de its y de cancer de cuello uterino",numero de mujeres con muestras de pap tomadas,2016-12-01,0,3,1,0,0,4
SANTUARIO DE QUILLACAS,"anticoncepcion, prevencion de its y de cancer de cuello uterino",numero de mujeres con muestras de pap tomadas,2016-12-01,0,0,4,2,0,6
SAPAHAQUI,"anticoncepcion, prevencion de its y de cancer de cuello uterino",numero de mujeres con muestras de pap tomadas,2016-12-01,0,0,1,2,0,3
SHINAOTA,"anticoncepcion, prevencion de its y de cancer de cuello uterino",numero de mujeres con muestras de pap tomadas,2016-12-01,1,0,12,1,0,14
SICA SICA (VILLA AROMA),"anticoncepcion, prevencion de its y de cancer de cuello uterino",numero de mujeres con muestras de pap tomadas,2016-12-01,0,3,9,7,4,23
SIPE SIPE,"anticoncepcion, prevencion de its y de cancer de cuello uterino",numero de mujeres con muestras de pap tomadas,2016-12-01,0,1,18,14,10,43
SOPACHUY,"anticoncepcion, prevencion de its y de cancer de cuello uterino",numero de mujeres con muestras de pap tomadas,2016-12-01,0,7,45,36,15,103
SORACACHI,"anticoncepcion, prevencion de its y de cancer de cuello uterino",numero de mujeres con muestras de pap tomadas,2016-12-01,0,0,0,0,1,1
SORATA,"anticoncepcion, prevencion de its y de cancer de cuello uterino",numero de mujeres con muestras de pap tomadas,2016-12-01,0,6,15,10,2,33
SUCRE,"anticoncepcion, prevencion de its y de cancer de cuello uterino",numero de mujeres con muestras de pap tomadas,2016-12-01,0,149,1182,721,259,2311
TACACHI,"anticoncepcion, prevencion de its y de cancer de cuello uterino",numero de mujeres con muestras de pap tomadas,2016-12-01,0,3,2,5,2,12
TACOBAMBA,"anticoncepcion, prevencion de its y de cancer de cuello uterino",numero de mujeres con muestras de pap tomadas,2016-12-01,0,1,1,3,0,5
TACOPAYA,"anticoncepcion, prevencion de its y de cancer de cuello uterino",numero de mujeres con muestras de pap tomadas,2016-12-01,0,0,4,3,1,8
TAHUA,"anticoncepcion, prevencion de its y de cancer de cuello uterino",numero de mujeres con muestras de pap tomadas,2016-12-01,3,3,14,15,16,51
TAPACARI,"anticoncepcion, prevencion de its y de cancer de cuello uterino",numero de mujeres con muestras de pap tomadas,2016-12-01,0,3,10,3,2,18
TARABUCO,"anticoncepcion, prevencion de its y de cancer de cuello uterino",numero de mujeres con muestras de pap tomadas,2016-12-01,0,1,18,10,3,32
TARACO,"anticoncepcion, prevencion de its y de cancer de cuello uterino",numero de mujeres con muestras de pap tomadas,2016-12-01,0,2,6,2,1,11
TARATA,"anticoncepcion, prevencion de its y de cancer de cuello uterino",numero de mujeres con muestras de pap tomadas,2016-12-01,0,2,8,9,6,25
TARIJA,"anticoncepcion, prevencion de its y de cancer de cuello uterino",numero de mujeres con muestras de pap tomadas,2016-12-01,5,50,399,320,139,913
TARVITA,"anticoncepcion, prevencion de its y de cancer de cuello uterino",numero de mujeres con muestras de pap tomadas,2016-12-01,0,2,1,6,3,12
TEOPONTE,"anticoncepcion, prevencion de its y de cancer de cuello uterino",numero de mujeres con muestras de pap tomadas,2016-12-01,0,7,67,37,18,129
TIAWANACU,"anticoncepcion, prevencion de its y de cancer de cuello uterino",numero de mujeres con muestras de pap tomadas,2016-12-01,0,0,5,6,0,11
TINGUIPAYA,"anticoncepcion, prevencion de its y de cancer de cuello uterino",numero de mujeres con muestras de pap tomadas,2016-12-01,0,4,20,15,5,44
TIPUANI,"anticoncepcion, prevencion de its y de cancer de cuello uterino",numero de mujeres con muestras de pap tomadas,2016-12-01,0,6,27,10,1,44
TIQUIPAYA,"anticoncepcion, prevencion de its y de cancer de cuello uterino",numero de mujeres con muestras de pap tomadas,2016-12-01,0,14,46,30,8,98
TIRAQUE (CBBA),"anticoncepcion, prevencion de its y de cancer de cuello uterino",numero de mujeres con muestras de pap tomadas,2016-12-01,1,3,8,6,4,22
TITO YUPANQUI (PARQUIPUJIO),"anticoncepcion, prevencion de its y de cancer de cuello uterino",numero de mujeres con muestras de pap tomadas,2016-12-01,0,0,0,0,1,1
TOCO,"anticoncepcion, prevencion de its y de cancer de cuello uterino",numero de mujeres con muestras de pap tomadas,2016-12-01,0,4,6,2,0,12
TOLATA,"anticoncepcion, prevencion de its y de cancer de cuello uterino",numero de mujeres con muestras de pap tomadas,2016-12-01,0,4,8,7,0,19
TOLEDO,"anticoncepcion, prevencion de its y de cancer de cuello uterino",numero de mujeres con muestras de pap tomadas,2016-12-01,0,0,0,2,0,2
TOMAVE,"anticoncepcion, prevencion de its y de cancer de cuello uterino",numero de mujeres con muestras de pap tomadas,2016-12-01,0,5,26,15,5,51
TOMINA,"anticoncepcion, prevencion de its y de cancer de cuello uterino",numero de mujeres con muestras de pap tomadas,2016-12-01,0,1,0,0,0,1
TORO TORO,"anticoncepcion, prevencion de its y de cancer de cuello uterino",numero de mujeres con muestras de pap tomadas,2016-12-01,4,12,28,21,16,81
TOTORA(ORR),"anticoncepcion, prevencion de its y de cancer de cuello uterino",numero de mujeres con muestras de pap tomadas,2016-12-01,0,0,0,1,1,2
TRIGAL,"anticoncepcion, prevencion de its y de cancer de cuello uterino",numero de mujeres con muestras de pap tomadas,2016-12-01,0,0,3,0,0,3
TRINIDAD,"anticoncepcion, prevencion de its y de cancer de cuello uterino",numero de mujeres con muestras de pap tomadas,2016-12-01,0,21,148,89,25,283
TUPIZA,"anticoncepcion, prevencion de its y de cancer de cuello uterino",numero de mujeres con muestras de pap tomadas,2016-12-01,0,11,55,34,12,112
TURCO,"anticoncepcion, prevencion de its y de cancer de cuello uterino",numero de mujeres con muestras de pap tomadas,2016-12-01,0,0,1,0,0,1
UMALA,"anticoncepcion, prevencion de its y de cancer de cuello uterino",numero de mujeres con muestras de pap tomadas,2016-12-01,0,0,2,1,2,5
UNCIA,"anticoncepcion, prevencion de its y de cancer de cuello uterino",numero de mujeres con muestras de pap tomadas,2016-12-01,0,0,4,3,1,8
URIONDO (A. CONCEPCION),"anticoncepcion, prevencion de its y de cancer de cuello uterino",numero de mujeres con muestras de pap tomadas,2016-12-01,0,1,13,1,2,17
URUBICHA,"anticoncepcion, prevencion de its y de cancer de cuello uterino",numero de mujeres con muestras de pap tomadas,2016-12-01,0,1,40,12,0,53
UYUNI,"anticoncepcion, prevencion de its y de cancer de cuello uterino",numero de mujeres con muestras de pap tomadas,2016-12-01,0,1,33,31,11,76
VACAS,"anticoncepcion, prevencion de its y de cancer de cuello uterino",numero de mujeres con muestras de pap tomadas,2016-12-01,0,0,0,2,0,2
VALLEGRANDE,"anticoncepcion, prevencion de its y de cancer de cuello uterino",numero de mujeres con muestras de pap tomadas,2016-12-01,2,9,41,36,6,94
VIACHA,"anticoncepcion, prevencion de its y de cancer de cuello uterino",numero de mujeres con muestras de pap tomadas,2016-12-01,0,5,26,19,2,52
VILA VILA,"anticoncepcion, prevencion de its y de cancer de cuello uterino",numero de mujeres con muestras de pap tomadas,2016-12-01,0,0,1,0,0,1
VILLA CHARCAS,"anticoncepcion, prevencion de its y de cancer de cuello uterino",numero de mujeres con muestras de pap tomadas,2016-12-01,1,13,47,26,14,101
VILLA MONTES,"anticoncepcion, prevencion de its y de cancer de cuello uterino",numero de mujeres con muestras de pap tomadas,2016-12-01,1,30,190,110,35,366
VILLA NUEVA (LOMA ALTA),"anticoncepcion, prevencion de its y de cancer de cuello uterino",numero de mujeres con muestras de pap tomadas,2016-12-01,1,1,3,1,0,6
VILLA RIVERO,"anticoncepcion, prevencion de its y de cancer de cuello uterino",numero de mujeres con muestras de pap tomadas,2016-12-01,0,0,9,2,0,11
VILLA SERRANO,"anticoncepcion, prevencion de its y de cancer de cuello uterino",numero de mujeres con muestras de pap tomadas,2016-12-01,0,2,4,0,2,8
VILLA TUNARI,"anticoncepcion, prevencion de its y de cancer de cuello uterino",numero de mujeres con muestras de pap tomadas,2016-12-01,0,7,60,47,4,118
VILLA VACA GUZMAN (MUYUPAMPA),"anticoncepcion, prevencion de its y de cancer de cuello uterino",numero de mujeres con muestras de pap tomadas,2016-12-01,1,2,9,4,0,16
VILLAZON,"anticoncepcion, prevencion de its y de cancer de cuello uterino",numero de mujeres con muestras de pap tomadas,2016-12-01,1,19,108,68,22,218
VINTO,"anticoncepcion, prevencion de its y de cancer de cuello uterino",numero de mujeres con muestras de pap tomadas,2016-12-01,0,4,26,12,11,53
VITICHI,"anticoncepcion, prevencion de its y de cancer de cuello uterino",numero de mujeres con muestras de pap tomadas,2016-12-01,0,3,9,11,7,30
WALDO BALLIVIAN,"anticoncepcion, prevencion de its y de cancer de cuello uterino",numero de mujeres con muestras de pap tomadas,2016-12-01,0,0,1,1,0,2
WARNES,"anticoncepcion, prevencion de its y de cancer de cuello uterino",numero de mujeres con muestras de pap tomadas,2016-12-01,4,35,104,41,6,190
YACO,"anticoncepcion, prevencion de its y de cancer de cuello uterino",numero de mujeres con muestras de pap tomadas,2016-12-01,0,0,1,0,0,1
YACUIBA,"anticoncepcion, prevencion de its y de cancer de cuello uterino",numero de mujeres con muestras de pap tomadas,2016-12-01,0,12,122,114,38,286
YAMPARAEZ,"anticoncepcion, prevencion de its y de cancer de cuello uterino",numero de mujeres con muestras de pap tomadas,2016-12-01,0,2,11,9,10,32
YANACACHI,"anticoncepcion, prevencion de its y de cancer de cuello uterino",numero de mujeres con muestras de pap tomadas,2016-12-01,0,0,1,2,2,5
YAPACANI,"anticoncepcion, prevencion de its y de cancer de cuello uterino",numero de mujeres con muestras de pap tomadas,2016-12-01,0,12,45,20,3,80
YOCALLA,"anticoncepcion, prevencion de its y de cancer de cuello uterino",numero de mujeres con muestras de pap tomadas,2016-12-01,0,0,22,24,4,50
YOTALA,"anticoncepcion, prevencion de its y de cancer de cuello uterino",numero de mujeres con muestras de pap tomadas,2016-12-01,0,10,37,34,10,91
YUNCHARA,"anticoncepcion, prevencion de its y de cancer de cuello uterino",numero de mujeres con muestras de pap tomadas,2016-12-01,0,5,12,5,6,28
ZUDAÑEZ,"anticoncepcion, prevencion de its y de cancer de cuello uterino",numero de mujeres con muestras de pap tomadas,2016-12-01,0,17,40,40,31,128
